1.000013
1.000000
1.000000
1.000000
1.000000
1.000000
1.000000
1.000000
1.000000
1.000000
1.000000
1.000000
1.000000
1.000000
1.000000
1.000000
1.000000
1.000000
1.000000
1.000000
1.000000
1.000000
1.000000
1.000000
1.000000
1.000000
1.000000
1.000000
1.000000
1.000000
1.000000
1.000000
1.000000
1.000000
1.000000
1.000000
1.000000
1.000000
1.000000
0.999999
0.999999
0.999999
0.999998
0.999998
0.999998
0.999997
0.999997
0.999964
0.999909
0.999854
0.999798
0.999743
0.999688
0.999670
0.999707
0.999744
0.999781
0.999817
0.999854
0.999891
0.999928
0.999965
0.999997
0.999997
0.999996
0.999996
0.999996
0.999995
0.999995
0.999995
0.999994
0.999994
0.999994
0.999994
0.999993
0.999993
0.999993
0.999993
0.999993
0.999993
0.999993
0.999992
0.999992
0.999993
0.999993
0.999993
0.999993
0.999994
0.999994
0.999994
0.999993
0.999992
0.999990
0.999988
0.999987
0.999985
0.999983
0.999982
0.999980
0.999967
1.000013
1.000000
1.000000
1.000000
1.000000
1.000000
1.000000
1.000000
1.000000
1.000000
1.000000
1.000000
1.000000
1.000000
1.000000
1.000000
1.000000
1.000000
1.000000
0.999942
0.999942
0.999942
0.999942
0.999942
0.999942
0.999942
0.999942
0.999942
0.999946
0.999954
0.999954
0.999954
0.999954
0.999954
0.999954
0.999954
0.999954
0.999954
0.999999
0.999999
0.999999
0.999998
0.999998
0.999998
0.999997
0.999997
0.999997
0.999980
0.999925
0.999869
0.999814
0.999759
0.999703
0.999669
0.999705
0.999742
0.999779
0.999815
0.999852
0.999889
0.999926
0.999963
0.999995
0.999995
0.999995
0.999994
0.999994
0.999994
0.999993
0.999993
0.999993
0.999992
0.988054
0.988054
0.988054
0.988053
0.988053
0.988053
0.988053
0.988053
0.988053
0.955574
0.955574
0.955574
0.955575
0.955575
0.955575
0.955575
0.955575
0.955576
0.938987
0.929931
0.929929
0.929928
0.929926
0.929924
0.929923
0.929921
0.929919
0.929911
1.000013
1.000000
1.000000
1.000000
1.000000
1.000000
1.000000
1.000000
1.000000
1.000000
1.000000
1.000000
1.000000
1.000000
1.000000
1.000000
1.000000
1.000000
1.000000
0.999941
0.999883
0.999883
0.999883
0.999883
0.999883
0.999883
0.999883
0.999883
0.999888
0.999909
0.999909
0.999909
0.999909
0.999909
0.999909
0.999909
0.999909
0.999909
0.999999
0.999999
0.999998
0.999998
0.999998
0.999997
0.999997
0.999997
0.999996
0.999995
0.999940
0.999885
0.999830
0.999774
0.999719
0.999685
0.999703
0.999740
0.999777
0.999813
0.999850
0.999887
0.999924
0.999961
0.999993
0.999993
0.999993
0.999993
0.999992
0.999992
0.999992
0.999991
0.999991
0.999991
0.976823
0.976114
0.976114
0.976113
0.976113
0.976113
0.976113
0.976113
0.976113
0.934093
0.911156
0.911156
0.911156
0.911157
0.911157
0.911157
0.911157
0.911157
0.894569
0.859870
0.859868
0.859867
0.859865
0.859864
0.859862
0.859860
0.859859
0.859850
1.000013
1.000000
1.000000
1.000000
1.000000
1.000000
1.000000
1.000000
1.000000
1.000000
1.000000
1.000000
1.000000
1.000000
1.000000
1.000000
1.000000
1.000000
1.000000
0.999941
0.999825
0.999825
0.999825
0.999825
0.999825
0.999825
0.999825
0.999825
0.999830
0.999859
0.999863
0.999863
0.999863
0.999863
0.999863
0.999863
0.999863
0.999863
0.999954
0.999998
0.999998
0.999997
0.999997
0.999997
0.999997
0.999996
0.999996
0.999996
0.999956
0.999900
0.999845
0.999790
0.999735
0.999700
0.999701
0.999738
0.999775
0.999812
0.999848
0.999885
0.999922
0.999959
0.999991
0.999992
0.999991
0.999991
0.999991
0.999990
0.999990
0.999990
0.999989
0.999989
0.976821
0.964174
0.964174
0.964173
0.964173
0.964173
0.964173
0.964173
0.964173
0.922153
0.866738
0.866738
0.866738
0.866738
0.866738
0.866739
0.866739
0.866739
0.850150
0.791171
0.789808
0.789806
0.789804
0.789803
0.789801
0.789800
0.789798
0.789790
1.000013
1.000000
1.000000
1.000000
1.000000
1.000000
1.000000
1.000000
1.000000
1.000000
1.000000
1.000000
1.000000
1.000000
1.000000
1.000000
1.000000
1.000000
1.000000
0.999941
0.999807
0.999767
0.999767
0.999767
0.999767
0.999767
0.999767
0.999767
0.999771
0.999800
0.999817
0.999817
0.999817
0.999817
0.999817
0.999817
0.999817
0.999817
0.999908
0.999998
0.999997
0.999997
0.999997
0.999996
0.999996
0.999996
0.999995
0.999995
0.999971
0.999916
0.999861
0.999805
0.999750
0.999716
0.999712
0.999736
0.999773
0.999810
0.999846
0.999883
0.999920
0.999957
0.999989
0.999990
0.999990
0.999989
0.999989
0.999989
0.999988
0.999988
0.999988
0.999987
0.976819
0.952234
0.952234
0.952234
0.952233
0.952233
0.952233
0.952233
0.952233
0.910214
0.835513
0.822320
0.822320
0.822320
0.822320
0.822320
0.822321
0.822321
0.805732
0.746753
0.719747
0.719745
0.719744
0.719742
0.719740
0.719739
0.719737
0.719729
1.000013
1.000000
1.000000
1.000000
1.000000
1.000000
1.000000
1.000000
1.000000
1.000000
1.000000
1.000000
1.000000
1.000000
1.000000
1.000000
1.000000
1.000000
1.000000
0.999941
0.999807
0.999709
0.999709
0.999709
0.999709
0.999709
0.999709
0.999709
0.999713
0.999742
0.999771
0.999772
0.999772
0.999772
0.999772
0.999772
0.999772
0.999772
0.999862
0.999966
0.999997
0.999997
0.999996
0.999996
0.999996
0.999995
0.999995
0.999995
0.999987
0.999932
0.999876
0.999821
0.999766
0.999732
0.999728
0.999734
0.999771
0.999808
0.999844
0.999881
0.999918
0.999955
0.999987
0.999988
0.999988
0.999988
0.999987
0.999987
0.999987
0.999986
0.999986
0.999986
0.976818
0.949359
0.940294
0.940294
0.940293
0.940293
0.940293
0.940293
0.940293
0.898274
0.823573
0.777901
0.777901
0.777902
0.777902
0.777902
0.777902
0.777902
0.761314
0.702334
0.649686
0.649685
0.649683
0.649681
0.649680
0.649678
0.649677
0.649668
1.000013
1.000000
1.000000
1.000000
1.000000
1.000000
1.000000
1.000000
1.000000
1.000000
1.000000
1.000000
1.000000
1.000000
1.000000
1.000000
1.000000
1.000000
1.000000
0.999941
0.999807
0.999673
0.999650
0.999650
0.999650
0.999650
0.999650
0.999650
0.999655
0.999684
0.999713
0.999726
0.999726
0.999726
0.999726
0.999726
0.999726
0.999726
0.999817
0.999920
0.999997
0.999996
0.999996
0.999996
0.999995
0.999995
0.999995
0.999995
0.999994
0.999947
0.999892
0.999837
0.999781
0.999747
0.999744
0.999740
0.999769
0.999806
0.999842
0.999879
0.999916
0.999953
0.999985
0.999986
0.999986
0.999986
0.999986
0.999985
0.999985
0.999985
0.999985
0.999984
0.976816
0.949358
0.928354
0.928354
0.928353
0.928353
0.928353
0.928353
0.928353
0.886334
0.811634
0.736933
0.733483
0.733483
0.733484
0.733484
0.733484
0.733484
0.716895
0.657916
0.598937
0.579624
0.579622
0.579621
0.579619
0.579617
0.579616
0.579607
1.000013
1.000000
1.000000
1.000000
1.000000
1.000000
1.000000
1.000000
1.000000
1.000000
1.000000
1.000000
1.000000
1.000000
1.000000
1.000000
1.000000
1.000000
1.000000
0.999941
0.999807
0.999673
0.999592
0.999592
0.999592
0.999592
0.999592
0.999592
0.999597
0.999626
0.999655
0.999680
0.999680
0.999680
0.999680
0.999680
0.999680
0.999680
0.999771
0.999875
0.999979
0.999996
0.999995
0.999995
0.999995
0.999995
0.999994
0.999994
0.999994
0.999963
0.999908
0.999852
0.999797
0.999763
0.999759
0.999756
0.999767
0.999804
0.999840
0.999877
0.999914
0.999951
0.999983
0.999984
0.999984
0.999985
0.999984
0.999984
0.999984
0.999983
0.999983
0.999983
0.976814
0.949356
0.921898
0.916414
0.916414
0.916413
0.916413
0.916413
0.916413
0.874394
0.799694
0.724993
0.689065
0.689065
0.689065
0.689066
0.689066
0.689066
0.672477
0.613498
0.554518
0.509563
0.509561
0.509560
0.509558
0.509557
0.509555
0.509547
1.000013
1.000000
1.000000
1.000000
1.000000
1.000000
1.000000
1.000000
1.000000
1.000000
1.000000
1.000000
1.000000
1.000000
1.000000
1.000000
1.000000
1.000000
1.000000
0.999941
0.999807
0.999673
0.999539
0.999534
0.999534
0.999534
0.999534
0.999534
0.999538
0.999567
0.999596
0.999625
0.999635
0.999635
0.999635
0.999635
0.999635
0.999635
0.999725
0.999829
0.999933
0.999995
0.999995
0.999995
0.999994
0.999994
0.999994
0.999994
0.999994
0.999978
0.999923
0.999868
0.999813
0.999778
0.999775
0.999771
0.999768
0.999802
0.999838
0.999875
0.999912
0.999949
0.999981
0.999982
0.999982
0.999983
0.999983
0.999982
0.999982
0.999982
0.999981
0.999981
0.976813
0.949354
0.921896
0.904474
0.904473
0.904473
0.904473
0.904473
0.904473
0.862454
0.787753
0.713053
0.644646
0.644646
0.644646
0.644647
0.644647
0.644647
0.628058
0.569079
0.510099
0.451120
0.439500
0.439498
0.439496
0.439495
0.439493
0.439485
1.000013
1.000000
1.000000
1.000000
1.000000
1.000000
1.000000
1.000000
1.000000
1.000000
1.000000
1.000000
1.000000
1.000000
1.000000
1.000000
1.000000
1.000000
1.000000
0.999941
0.999807
0.999673
0.999539
0.999475
0.999475
0.999475
0.999475
0.999475
0.999480
0.999509
0.999538
0.999567
0.999589
0.999589
0.999589
0.999589
0.999589
0.999589
0.999680
0.999784
0.999887
0.999991
0.999995
0.999994
0.999994
0.999994
0.999993
0.999993
0.999993
0.999993
0.999939
0.999884
0.999828
0.999794
0.999790
0.999787
0.999783
0.999800
0.999837
0.999873
0.999910
0.999947
0.999979
0.999980
0.999980
0.999981
0.999981
0.999981
0.999980
0.999980
0.999980
0.999979
0.976811
0.949353
0.921895
0.894436
0.892534
0.892533
0.892533
0.892533
0.892533
0.850514
0.775814
0.701113
0.626413
0.600228
0.600228
0.600228
0.600229
0.600229
0.583640
0.524661
0.465681
0.406702
0.369439
0.369437
0.369436
0.369434
0.369433
0.369424
1.000013
1.000000
1.000000
1.000000
1.000000
1.000000
1.000000
1.000000
1.000000
1.000000
1.000000
1.000000
1.000000
1.000000
1.000000
1.000000
1.000000
1.000000
1.000000
0.999941
0.999807
0.999673
0.999539
0.999417
0.999417
0.999417
0.999417
0.999417
0.999422
0.999451
0.999480
0.999509
0.999538
0.999543
0.999543
0.999543
0.999543
0.999543
0.999634
0.999738
0.999842
0.999945
0.999994
0.999994
0.999994
0.999993
0.999993
0.999993
0.999993
0.999993
0.999954
0.999899
0.999844
0.999810
0.999806
0.999802
0.999799
0.999798
0.999835
0.999871
0.999908
0.999945
0.999977
0.999978
0.999978
0.999979
0.999979
0.999979
0.999979
0.999978
0.999978
0.999978
0.976809
0.949351
0.921893
0.894435
0.880594
0.880593
0.880593
0.880593
0.880593
0.838574
0.763874
0.689173
0.614473
0.555810
0.555810
0.555810
0.555810
0.555811
0.539222
0.480242
0.421263
0.362284
0.303305
0.299377
0.299375
0.299374
0.299372
0.299364
1.000013
1.000000
1.000000
1.000000
1.000000
1.000000
1.000000
1.000000
1.000000
1.000000
1.000000
1.000000
1.000000
1.000000
1.000000
1.000000
1.000000
1.000000
1.000000
0.999941
0.999807
0.999673
0.999539
0.999405
0.999359
0.999359
0.999359
0.999359
0.999363
0.999393
0.999421
0.999450
0.999479
0.999498
0.999498
0.999498
0.999498
0.999498
0.999588
0.999692
0.999796
0.999900
0.999994
0.999993
0.999993
0.999993
0.999992
0.999992
0.999992
0.999992
0.999970
0.999915
0.999859
0.999825
0.999822
0.999818
0.999815
0.999811
0.999833
0.999869
0.999906
0.999943
0.999975
0.999976
0.999976
0.999977
0.999977
0.999977
0.999977
0.999977
0.999976
0.999976
0.976808
0.949350
0.921891
0.894433
0.868654
0.868653
0.868653
0.868653
0.868653
0.826634
0.751934
0.677233
0.602533
0.527833
0.511391
0.511392
0.511392
0.511392
0.494803
0.435824
0.376844
0.317866
0.258886
0.229316
0.229314
0.229313
0.229311
0.229303
1.000013
1.000000
1.000000
1.000000
1.000000
1.000000
1.000000
1.000000
1.000000
1.000000
1.000000
1.000000
1.000000
1.000000
1.000000
1.000000
1.000000
1.000000
1.000000
0.999941
0.999807
0.999673
0.999539
0.999405
0.999301
0.999301
0.999301
0.999301
0.999305
0.999334
0.999363
0.999392
0.999421
0.999450
0.999452
0.999452
0.999452
0.999452
0.999543
0.999646
0.999750
0.999854
0.999958
0.999993
0.999993
0.999992
0.999992
0.999992
0.999992
0.999992
0.999986
0.999930
0.999875
0.999841
0.999837
0.999834
0.999830
0.999827
0.999831
0.999867
0.999904
0.999941
0.999973
0.999974
0.999974
0.999975
0.999975
0.999976
0.999975
0.999975
0.999975
0.999974
0.976806
0.949348
0.921890
0.894431
0.866973
0.856714
0.856713
0.856713
0.856713
0.814694
0.739994
0.665293
0.590593
0.515893
0.466973
0.466973
0.466974
0.466974
0.450385
0.391406
0.332426
0.273447
0.214468
0.159255
0.159253
0.159252
0.159250
0.159242
1.000013
1.000000
1.000000
1.000000
1.000000
1.000000
1.000000
1.000000
1.000000
1.000000
1.000000
1.000000
1.000000
1.000000
1.000000
1.000000
1.000000
1.000000
1.000000
0.999941
0.999807
0.999673
0.999539
0.999405
0.999271
0.999242
0.999242
0.999242
0.999247
0.999276
0.999305
0.999334
0.999363
0.999392
0.999406
0.999406
0.999406
0.999406
0.999497
0.999601
0.999705
0.999808
0.999912
0.999993
0.999992
0.999992
0.999992
0.999992
0.999992
0.999992
0.999992
0.999946
0.999891
0.999856
0.999853
0.999849
0.999846
0.999842
0.999839
0.999865
0.999902
0.999939
0.999971
0.999972
0.999972
0.999973
0.999973
0.999974
0.999974
0.999973
0.999973
0.999973
0.976805
0.949346
0.921888
0.894430
0.866971
0.844774
0.844774
0.844773
0.844773
0.802754
0.728054
0.653353
0.578653
0.503953
0.429253
0.422555
0.422555
0.422556
0.405967
0.346987
0.288008
0.229029
0.170050
0.111070
0.089193
0.089191
0.089190
0.089181
1.000013
1.000000
1.000000
1.000000
1.000000
1.000000
1.000000
1.000000
1.000000
1.000000
1.000000
1.000000
1.000000
1.000000
1.000000
1.000000
1.000000
1.000000
1.000000
0.999941
0.999807
0.999673
0.999539
0.999405
0.999271
0.999184
0.999184
0.999184
0.999189
0.999218
0.999247
0.999276
0.999305
0.999334
0.999361
0.999361
0.999361
0.999361
0.999451
0.999555
0.999659
0.999763
0.999866
0.999970
0.999992
0.999992
0.999991
0.999991
0.999991
0.999991
0.999991
0.999961
0.999906
0.999872
0.999868
0.999865
0.999861
0.999858
0.999854
0.999864
0.999900
0.999937
0.999970
0.999970
0.999970
0.999971
0.999971
0.999972
0.999972
0.999972
0.999971
0.999971
0.976803
0.949345
0.921886
0.894428
0.866970
0.839511
0.832834
0.832833
0.832833
0.790814
0.716114
0.641413
0.566713
0.492013
0.417313
0.378137
0.378137
0.378137
0.361548
0.302569
0.243590
0.184611
0.125631
0.066652
0.019132
0.019130
0.019129
0.019120
1.000013
1.000000
1.000000
1.000000
1.000000
1.000000
1.000000
1.000000
1.000000
1.000000
1.000000
1.000000
1.000000
1.000000
1.000000
1.000000
1.000000
1.000000
1.000000
0.999941
0.999807
0.999673
0.999539
0.999405
0.999271
0.999137
0.999126
0.999126
0.999130
0.999159
0.999188
0.999217
0.999246
0.999275
0.999304
0.999315
0.999315
0.999315
0.999406
0.999509
0.999613
0.999717
0.999821
0.999924
0.999991
0.999991
0.999991
0.999991
0.999991
0.999991
0.999991
0.999977
0.999922
0.999888
0.999884
0.999880
0.999877
0.999873
0.999870
0.999866
0.999898
0.999935
0.999968
0.999968
0.999968
0.999969
0.999969
0.999970
0.999970
0.999970
0.999970
0.999969
0.976801
0.949343
0.921885
0.894426
0.866968
0.839510
0.820894
0.820893
0.820893
0.778874
0.704174
0.629473
0.554773
0.480073
0.405373
0.333718
0.333719
0.333719
0.317130
0.258151
0.199171
0.140192
0.081213
0.022234
-0.036746
-0.050930
-0.050932
-0.050940
1.000013
1.000000
1.000000
1.000000
1.000000
1.000000
1.000000
1.000000
1.000000
1.000000
1.000000
1.000000
1.000000
1.000000
1.000000
1.000000
1.000000
1.000000
1.000000
0.999941
0.999807
0.999673
0.999539
0.999405
0.999271
0.999137
0.999068
0.999068
0.999072
0.999101
0.999130
0.999159
0.999188
0.999217
0.999246
0.999269
0.999269
0.999269
0.999360
0.999464
0.999568
0.999671
0.999775
0.999879
0.999983
0.999991
0.999990
0.999990
0.999990
0.999990
0.999990
0.999990
0.999937
0.999903
0.999900
0.999896
0.999892
0.999889
0.999885
0.999882
0.999896
0.999933
0.999966
0.999966
0.999966
0.999967
0.999967
0.999968
0.999968
0.999968
0.999968
0.999968
0.976800
0.949341
0.921883
0.894425
0.866966
0.839508
0.812050
0.808954
0.808953
0.766934
0.692234
0.617533
0.542833
0.468133
0.393433
0.318733
0.289300
0.289301
0.272712
0.213732
0.154753
0.095774
0.036795
-0.022185
-0.081165
-0.120991
-0.120993
-0.121001
1.000013
1.000000
1.000000
1.000000
1.000000
1.000000
1.000000
1.000000
1.000000
1.000000
1.000000
1.000000
1.000000
1.000000
1.000000
1.000000
1.000000
1.000000
1.000000
0.999941
0.999807
0.999673
0.999539
0.999405
0.999271
0.999137
0.999009
0.999009
0.999014
0.999043
0.999072
0.999101
0.999130
0.999159
0.999188
0.999217
0.999224
0.999224
0.999314
0.999418
0.999522
0.999626
0.999729
0.999833
0.999937
0.999990
0.999990
0.999990
0.999990
0.999990
0.999990
0.999990
0.999953
0.999919
0.999915
0.999912
0.999908
0.999905
0.999901
0.999897
0.999894
0.999931
0.999964
0.999964
0.999964
0.999965
0.999965
0.999966
0.999966
0.999967
0.999967
0.999966
0.976798
0.949340
0.921881
0.894423
0.866965
0.839507
0.812048
0.797014
0.797013
0.754994
0.680294
0.605593
0.530893
0.456193
0.381493
0.306793
0.244882
0.244882
0.228293
0.169314
0.110335
0.051356
-0.007624
-0.066603
-0.125583
-0.184562
-0.191054
-0.191062
1.000013
1.000000
1.000000
1.000000
1.000000
1.000000
1.000000
1.000000
1.000000
1.000000
1.000000
1.000000
1.000000
1.000000
1.000000
1.000000
1.000000
1.000000
1.000000
0.999941
0.999807
0.999673
0.999539
0.999405
0.999271
0.999137
0.999003
0.998951
0.998956
0.998985
0.999014
0.999043
0.999071
0.999100
0.999129
0.999158
0.999178
0.999178
0.999269
0.999372
0.999476
0.999580
0.999684
0.999787
0.999891
0.999990
0.999990
0.999989
0.999989
0.999989
0.999989
0.999989
0.999969
0.999934
0.999931
0.999927
0.999924
0.999920
0.999917
0.999913
0.999910
0.999929
0.999962
0.999962
0.999962
0.999963
0.999963
0.999964
0.999964
0.999965
0.999965
0.999965
0.976796
0.949338
0.921880
0.894421
0.866963
0.839505
0.812047
0.785074
0.785074
0.743054
0.668354
0.593653
0.518953
0.444254
0.369553
0.294853
0.220154
0.200464
0.183875
0.124896
0.065916
0.006938
-0.052042
-0.111021
-0.170001
-0.228980
-0.261114
-0.261123
1.000013
1.000000
1.000000
1.000000
1.000000
1.000000
1.000000
1.000000
1.000000
1.000000
1.000000
1.000000
1.000000
1.000000
1.000000
1.000000
1.000000
1.000000
1.000000
0.999941
0.999807
0.999673
0.999539
0.999405
0.999271
0.999137
0.999003
0.998893
0.998897
0.998926
0.998955
0.998984
0.999013
0.999042
0.999071
0.999100
0.999129
0.999132
0.999223
0.999327
0.999430
0.999534
0.999638
0.999742
0.999846
0.999949
0.999989
0.999989
0.999989
0.999989
0.999989
0.999989
0.999984
0.999950
0.999946
0.999943
0.999939
0.999936
0.999932
0.999929
0.999925
0.999927
0.999960
0.999960
0.999961
0.999961
0.999961
0.999962
0.999962
0.999963
0.999963
0.999963
0.976795
0.949336
0.921878
0.894420
0.866962
0.839503
0.812045
0.784587
0.773134
0.731114
0.656414
0.581713
0.507013
0.432314
0.357613
0.282913
0.208214
0.156046
0.139457
0.080478
0.021498
-0.037481
-0.096460
-0.155439
-0.214419
-0.273398
-0.331175
-0.331183
1.000013
1.000000
1.000000
1.000000
1.000000
1.000000
1.000000
1.000000
1.000000
1.000000
1.000000
1.000000
1.000000
1.000000
1.000000
1.000000
1.000000
1.000000
1.000000
0.999941
0.999807
0.999673
0.999539
0.999405
0.999271
0.999137
0.999003
0.998869
0.998839
0.998868
0.998897
0.998926
0.998955
0.998984
0.999013
0.999042
0.999071
0.999086
0.999177
0.999281
0.999385
0.999489
0.999592
0.999696
0.999800
0.999904
0.999989
0.999989
0.999989
0.999989
0.999989
0.999989
0.999989
0.999966
0.999962
0.999959
0.999955
0.999951
0.999948
0.999944
0.999941
0.999937
0.999958
0.999958
0.999959
0.999959
0.999959
0.999960
0.999960
0.999961
0.999961
0.999961
0.976793
0.949335
0.921876
0.894418
0.866960
0.839502
0.812043
0.784585
0.761194
0.719174
0.644474
0.569773
0.495073
0.420374
0.345673
0.270973
0.196274
0.121573
0.095039
0.036059
-0.022920
-0.081899
-0.140878
-0.199858
-0.258838
-0.317817
-0.376796
-0.401244
1.000013
1.000000
1.000000
1.000000
1.000000
1.000000
1.000000
1.000000
1.000000
1.000000
1.000000
1.000000
1.000000
1.000000
1.000000
1.000000
1.000000
1.000000
1.000000
0.999941
0.999807
0.999673
0.999539
0.999405
0.999271
0.999137
0.999003
0.998869
0.998781
0.998810
0.998839
0.998868
0.998897
0.998926
0.998955
0.998984
0.999013
0.999041
0.999132
0.999235
0.999339
0.999443
0.999547
0.999650
0.999754
0.999858
0.999962
0.999988
0.999988
0.999988
0.999988
0.999988
0.999988
0.999981
0.999978
0.999974
0.999970
0.999967
0.999963
0.999960
0.999956
0.999953
0.999956
0.999956
0.999957
0.999957
0.999957
0.999958
0.999958
0.999959
0.999959
0.999960
0.976791
0.949333
0.921875
0.894417
0.866958
0.839500
0.812042
0.784583
0.757125
0.707234
0.632534
0.557833
0.483133
0.408434
0.333733
0.259033
0.184334
0.109633
0.050620
-0.008359
-0.067339
-0.126317
-0.185297
-0.244276
-0.303256
-0.362235
-0.421214
-0.471305
1.000004
1.000000
1.000000
1.000000
1.000000
1.000000
1.000000
1.000000
1.000000
1.000000
0.999895
0.999862
0.999862
0.999862
0.999862
0.999862
0.999862
0.999862
0.999862
0.999876
0.999826
0.999691
0.999557
0.999423
0.999289
0.999155
0.999021
0.998887
0.998775
0.998785
0.998815
0.998843
0.998872
0.998901
0.998930
0.998959
0.998988
0.999017
0.998988
0.999082
0.999186
0.999290
0.999393
0.999497
0.999601
0.999705
0.999808
0.999974
0.999982
0.999982
0.999982
0.999982
0.999982
0.999984
0.999985
0.999981
0.999978
0.999974
0.999971
0.999967
0.999964
0.999960
0.993263
0.949388
0.949388
0.949389
0.949389
0.949390
0.949390
0.949391
0.949391
0.949391
0.846075
0.809068
0.781610
0.754152
0.726694
0.699235
0.671777
0.644319
0.616860
0.582639
0.521384
0.446683
0.371983
0.297284
0.222584
0.147884
0.073184
-0.001517
-0.055206
-0.075082
-0.134061
-0.193040
-0.252020
-0.310999
-0.369979
-0.428958
-0.487937
-0.546929
1.000004
1.000000
1.000000
1.000000
1.000000
1.000000
1.000000
1.000000
1.000000
1.000000
0.999895
0.999749
0.999651
0.999651
0.999651
0.999651
0.999651
0.999651
0.999651
0.999665
0.999696
0.999719
0.999585
0.999451
0.999317
0.999183
0.999049
0.998915
0.998803
0.998809
0.998814
0.998837
0.998866
0.998895
0.998924
0.998953
0.998982
0.999011
0.998982
0.998945
0.998976
0.999079
0.999183
0.999287
0.999391
0.999494
0.999598
0.999764
0.999972
0.999972
0.999972
0.999972
0.999972
0.999974
0.999980
0.999985
0.999981
0.999977
0.999974
0.999970
0.999967
0.999963
0.993266
0.939712
0.886159
0.871965
0.871965
0.871966
0.871966
0.871966
0.871967
0.871967
0.768650
0.646202
0.566851
0.539392
0.511934
0.484476
0.457018
0.429559
0.402101
0.367880
0.328398
0.282843
0.208142
0.133443
0.058743
-0.015957
-0.090657
-0.165358
-0.219047
-0.219047
-0.219047
-0.271610
-0.330589
-0.389569
-0.448548
-0.507527
-0.566507
-0.625498
1.000004
1.000000
1.000000
1.000000
1.000000
1.000000
1.000000
1.000000
1.000000
1.000000
0.999895
0.999749
0.999603
0.999457
0.999440
0.999440
0.999440
0.999440
0.999440
0.999454
0.999485
0.999516
0.999547
0.999479
0.999345
0.999211
0.999077
0.998943
0.998831
0.998836
0.998842
0.998847
0.998860
0.998889
0.998918
0.998947
0.998976
0.999005
0.998976
0.998939
0.998901
0.998869
0.998973
0.999077
0.999180
0.999284
0.999388
0.999554
0.999762
0.999963
0.999963
0.999963
0.999963
0.999965
0.999970
0.999975
0.999980
0.999981
0.999977
0.999973
0.999970
0.999966
0.993269
0.939715
0.886162
0.832608
0.794541
0.794541
0.794542
0.794542
0.794543
0.794543
0.691226
0.568778
0.446329
0.324633
0.297175
0.269716
0.242258
0.214800
0.187341
0.153120
0.113639
0.074157
0.034676
-0.030398
-0.105098
-0.179798
-0.254498
-0.329199
-0.382888
-0.382888
-0.382888
-0.382888
-0.409159
-0.468138
-0.527118
-0.586097
-0.645076
-0.704068
1.000004
1.000000
1.000000
1.000000
1.000000
1.000000
1.000000
1.000000
1.000000
1.000000
0.999895
0.999749
0.999603
0.999457
0.999311
0.999229
0.999229
0.999229
0.999229
0.999243
0.999274
0.999305
0.999336
0.999368
0.999373
0.999239
0.999105
0.998971
0.998859
0.998864
0.998870
0.998875
0.998881
0.998886
0.998912
0.998941
0.998970
0.998999
0.998970
0.998932
0.998895
0.998857
0.998820
0.998866
0.998970
0.999074
0.999178
0.999343
0.999552
0.999760
0.999953
0.999953
0.999953
0.999955
0.999961
0.999966
0.999971
0.999976
0.999980
0.999977
0.999973
0.999970
0.993272
0.939718
0.886165
0.832612
0.779058
0.725505
0.717118
0.717118
0.717119
0.717119
0.613802
0.491353
0.368905
0.246456
0.124008
0.054957
0.027499
0.000040
-0.027418
-0.061639
-0.101121
-0.140602
-0.180084
-0.219565
-0.268939
-0.343639
-0.418339
-0.493039
-0.546729
-0.546729
-0.546729
-0.546729
-0.546729
-0.546729
-0.605688
-0.664667
-0.723646
-0.782637
1.000004
1.000000
1.000000
1.000000
1.000000
1.000000
1.000000
1.000000
1.000000
1.000000
0.999895
0.999749
0.999603
0.999457
0.999311
0.999165
0.999019
0.999018
0.999018
0.999032
0.999063
0.999094
0.999125
0.999156
0.999188
0.999219
0.999133
0.998999
0.998887
0.998892
0.998898
0.998903
0.998909
0.998914
0.998920
0.998935
0.998964
0.998993
0.998964
0.998926
0.998889
0.998851
0.998814
0.998776
0.998760
0.998864
0.998967
0.999133
0.999341
0.999550
0.999758
0.999944
0.999944
0.999946
0.999951
0.999956
0.999961
0.999967
0.999972
0.999977
0.999976
0.999973
0.993275
0.939722
0.886168
0.832615
0.779061
0.725508
0.671954
0.639694
0.639694
0.639695
0.536378
0.413929
0.291481
0.169032
0.046584
-0.075865
-0.187260
-0.214719
-0.242177
-0.276398
-0.315880
-0.355361
-0.394843
-0.434324
-0.473806
-0.513287
-0.582179
-0.656880
-0.710570
-0.710570
-0.710570
-0.710570
-0.710570
-0.710570
-0.710570
-0.743236
-0.802215
-0.861207
1.000004
1.000000
1.000000
1.000000
1.000000
1.000000
1.000000
1.000000
1.000000
1.000000
0.999895
0.999749
0.999603
0.999457
0.999311
0.999165
0.999019
0.998873
0.998807
0.998820
0.998852
0.998883
0.998914
0.998945
0.998977
0.999008
0.999039
0.999027
0.998914
0.998920
0.998925
0.998931
0.998936
0.998942
0.998947
0.998953
0.998958
0.998987
0.998958
0.998920
0.998883
0.998845
0.998808
0.998770
0.998733
0.998695
0.998757
0.998923
0.999131
0.999339
0.999548
0.999756
0.999934
0.999936
0.999942
0.999947
0.999952
0.999957
0.999962
0.999967
0.999973
0.999976
0.993278
0.939725
0.886171
0.832618
0.779064
0.725511
0.671957
0.618404
0.564850
0.562271
0.458954
0.336505
0.214057
0.091608
-0.030840
-0.153289
-0.275738
-0.398186
-0.456936
-0.491157
-0.530639
-0.570121
-0.609602
-0.649083
-0.688565
-0.728046
-0.767527
-0.820721
-0.874410
-0.874410
-0.874410
-0.874410
-0.874410
-0.874410
-0.874410
-0.874410
-0.880785
-0.939776
1.000013
0.999949
0.999949
0.999949
0.999949
0.999949
0.999949
0.999949
0.999949
0.999949
0.999905
0.999759
0.999613
0.999467
0.999321
0.999175
0.999029
0.998883
0.998737
0.998659
0.998691
0.998722
0.998753
0.998784
0.998816
0.998847
0.998878
0.998909
0.998934
0.998936
0.998942
0.998947
0.998953
0.998958
0.998964
0.998969
0.998975
0.998980
0.998978
0.998941
0.998903
0.998866
0.998828
0.998791
0.998753
0.998716
0.998678
0.998764
0.998972
0.999180
0.999389
0.999597
0.999805
0.989152
0.989157
0.989163
0.989168
0.989173
0.989178
0.989183
0.989188
0.989194
0.970840
0.897438
0.843884
0.790331
0.736777
0.683224
0.629671
0.576117
0.522563
0.469010
0.386282
0.263834
0.141385
0.018936
-0.103512
-0.225961
-0.348410
-0.470858
-0.593307
-0.655750
-0.695231
-0.734713
-0.774194
-0.813676
-0.853157
-0.892639
-0.932120
-0.971601
-0.999917
-0.999905
-0.999905
-0.999905
-0.999905
-0.999905
-0.999905
-0.999905
-0.999905
-0.999911
1.000013
0.999850
0.999732
0.999732
0.999732
0.999732
0.999732
0.999732
0.999732
0.999732
0.999757
0.999792
0.999657
0.999511
0.999365
0.999220
0.999074
0.998928
0.998782
0.998701
0.998703
0.998725
0.998756
0.998787
0.998819
0.998850
0.998881
0.998912
0.998937
0.998925
0.998920
0.998926
0.998931
0.998937
0.998942
0.998948
0.998953
0.998959
0.999004
0.999047
0.999009
0.998972
0.998934
0.998897
0.998859
0.998822
0.998784
0.998832
0.998980
0.999189
0.999397
0.999605
0.999813
0.986973
0.955061
0.943026
0.943031
0.943036
0.943042
0.943047
0.943052
0.943057
0.924703
0.777839
0.662842
0.609289
0.555735
0.502182
0.448628
0.395075
0.341521
0.287968
0.248629
0.206755
0.084306
-0.038143
-0.160591
-0.283040
-0.405488
-0.527937
-0.650386
-0.703953
-0.703949
-0.734705
-0.774186
-0.813667
-0.853149
-0.892630
-0.932111
-0.971593
-0.999909
-0.999694
-0.999586
-0.999586
-0.999585
-0.999585
-0.999585
-0.999585
-0.999586
-0.999591
1.000013
0.999850
0.999699
0.999549
0.999515
0.999515
0.999515
0.999515
0.999515
0.999515
0.999540
0.999574
0.999609
0.999556
0.999410
0.999264
0.999118
0.998972
0.998826
0.998745
0.998748
0.998750
0.998759
0.998790
0.998821
0.998853
0.998884
0.998915
0.998940
0.998928
0.998917
0.998905
0.998909
0.998915
0.998920
0.998926
0.998931
0.998937
0.998982
0.999033
0.999084
0.999078
0.999041
0.999003
0.998966
0.998928
0.998891
0.998939
0.999045
0.999197
0.999405
0.999613
0.999822
0.986981
0.955070
0.923158
0.896895
0.896900
0.896905
0.896910
0.896915
0.896921
0.878567
0.731703
0.584839
0.437976
0.374692
0.321139
0.267586
0.214032
0.160478
0.106925
0.067586
0.030879
-0.005828
-0.095222
-0.217670
-0.340119
-0.462568
-0.585016
-0.707465
-0.761032
-0.761028
-0.761024
-0.774178
-0.813659
-0.853141
-0.892622
-0.932103
-0.971585
-0.999901
-0.999685
-0.999470
-0.999266
-0.999266
-0.999266
-0.999266
-0.999266
-0.999266
-0.999271
1.000013
0.999850
0.999699
0.999549
0.999399
0.999297
0.999297
0.999297
0.999297
0.999297
0.999322
0.999357
0.999392
0.999427
0.999454
0.999308
0.999162
0.999016
0.998870
0.998789
0.998792
0.998794
0.998797
0.998800
0.998824
0.998856
0.998887
0.998918
0.998943
0.998931
0.998920
0.998908
0.998897
0.998893
0.998899
0.998904
0.998910
0.998915
0.998961
0.999012
0.999063
0.999114
0.999147
0.999110
0.999072
0.999035
0.998997
0.999045
0.999152
0.999258
0.999413
0.999622
0.999830
0.986990
0.955078
0.923166
0.891255
0.859343
0.850769
0.850774
0.850779
0.850784
0.832430
0.685566
0.538702
0.391839
0.244976
0.140097
0.086543
0.032990
-0.020564
-0.074117
-0.113456
-0.150164
-0.186871
-0.223578
-0.274749
-0.397198
-0.519647
-0.642095
-0.764544
-0.818111
-0.818107
-0.818103
-0.818099
-0.818095
-0.853132
-0.892614
-0.932095
-0.971577
-0.999893
-0.999677
-0.999462
-0.999246
-0.999031
-0.998946
-0.998946
-0.998946
-0.998946
-0.998952
1.000013
0.999850
0.999699
0.999549
0.999399
0.999249
0.999098
0.999080
0.999080
0.999080
0.999105
0.999140
0.999175
0.999209
0.999244
0.999279
0.999206
0.999060
0.998914
0.998833
0.998836
0.998838
0.998841
0.998844
0.998847
0.998859
0.998890
0.998921
0.998946
0.998934
0.998923
0.998911
0.998900
0.998888
0.998877
0.998883
0.998888
0.998894
0.998939
0.998990
0.999041
0.999092
0.999143
0.999194
0.999179
0.999141
0.999104
0.999152
0.999258
0.999365
0.999471
0.999630
0.999838
0.986998
0.955086
0.923175
0.891263
0.859351
0.827440
0.804637
0.804642
0.804648
0.786294
0.639430
0.492566
0.345703
0.198839
0.051975
-0.094499
-0.148053
-0.201607
-0.255160
-0.294499
-0.331206
-0.367913
-0.404620
-0.441327
-0.478034
-0.576726
-0.699174
-0.821623
-0.875190
-0.875186
-0.875182
-0.875178
-0.875174
-0.875170
-0.892605
-0.932087
-0.971568
-0.999884
-0.999669
-0.999453
-0.999238
-0.999022
-0.998807
-0.998626
-0.998626
-0.998626
-0.998632
1.000013
0.999850
0.999699
0.999549
0.999399
0.999249
0.999098
0.998948
0.998863
0.998863
0.998888
0.998923
0.998957
0.998992
0.999027
0.999062
0.999097
0.999104
0.998958
0.998877
0.998880
0.998883
0.998885
0.998888
0.998891
0.998894
0.998897
0.998924
0.998949
0.998937
0.998926
0.998914
0.998903
0.998891
0.998879
0.998868
0.998867
0.998872
0.998917
0.998968
0.999020
0.999071
0.999122
0.999173
0.999224
0.999248
0.999210
0.999258
0.999365
0.999471
0.999578
0.999684
0.999846
0.987006
0.955095
0.923183
0.891271
0.859359
0.827448
0.795536
0.763624
0.758511
0.740157
0.593293
0.446429
0.299566
0.152703
0.005839
-0.141024
-0.287888
-0.382649
-0.436203
-0.475542
-0.512249
-0.548956
-0.585663
-0.622370
-0.659077
-0.695784
-0.756253
-0.878702
-0.932269
-0.932265
-0.932261
-0.932257
-0.932253
-0.932249
-0.932245
-0.932241
-0.971560
-0.999876
-0.999661
-0.999445
-0.999230
-0.999014
-0.998799
-0.998583
-0.998368
-0.998306
-0.998312
1.000013
0.999850
0.999699
0.999549
0.999399
0.999249
0.999098
0.998948
0.998798
0.998647
0.998670
0.998705
0.998740
0.998775
0.998810
0.998844
0.998879
0.998914
0.998949
0.998921
0.998924
0.998927
0.998929
0.998932
0.998935
0.998938
0.998941
0.998943
0.998952
0.998940
0.998929
0.998917
0.998906
0.998894
0.998882
0.998871
0.998859
0.998850
0.998896
0.998947
0.998998
0.999049
0.999100
0.999151
0.999202
0.999253
0.999304
0.999364
0.999471
0.999577
0.999684
0.999790
0.999897
0.987014
0.955103
0.923191
0.891279
0.859368
0.827456
0.795544
0.763633
0.731721
0.694021
0.547157
0.400293
0.253430
0.106566
-0.040297
-0.187160
-0.334024
-0.480889
-0.617245
-0.656584
-0.693291
-0.729998
-0.766705
-0.803412
-0.840119
-0.876826
-0.913533
-0.950240
-0.989348
-0.989344
-0.989340
-0.989336
-0.989332
-0.989328
-0.989324
-0.989320
-0.989316
-0.999868
-0.999652
-0.999437
-0.999221
-0.999006
-0.998791
-0.998575
-0.998360
-0.998144
-0.997992
1.000013
0.999871
0.999724
0.999574
0.999424
0.999273
0.999123
0.998973
0.998823
0.998672
0.998646
0.998675
0.998710
0.998745
0.998780
0.998815
0.998849
0.998884
0.998919
0.998932
0.998921
0.998924
0.998927
0.998930
0.998933
0.998935
0.998938
0.998941
0.998960
0.999068
0.999059
0.999047
0.999036
0.999024
0.999013
0.999001
0.998990
0.998978
0.998986
0.999025
0.999076
0.999127
0.999178
0.999229
0.999280
0.999331
0.999382
0.996656
0.995859
0.995965
0.996072
0.996178
0.996285
0.931728
0.801821
0.769910
0.737998
0.706086
0.674175
0.642263
0.610351
0.578440
0.543850
0.490517
0.348510
0.201647
0.054783
-0.092080
-0.238943
-0.385807
-0.532671
-0.679534
-0.702476
-0.726952
-0.763659
-0.800366
-0.837073
-0.873780
-0.910487
-0.947194
-0.983901
-0.999896
-0.999824
-0.999820
-0.999816
-0.999812
-0.999808
-0.999804
-0.999800
-0.999796
-0.999774
-0.999690
-0.999474
-0.999259
-0.999043
-0.998828
-0.998612
-0.998397
-0.998181
-0.997979
1.000013
0.999871
0.999742
0.999605
0.999454
0.999304
0.999154
0.999004
0.998853
0.998703
0.998677
0.998700
0.998723
0.998758
0.998793
0.998828
0.998863
0.998897
0.998932
0.998945
0.998930
0.998914
0.998914
0.998917
0.998920
0.998922
0.998925
0.998928
0.998947
0.999055
0.999162
0.999206
0.999195
0.999183
0.999172
0.999160
0.999149
0.999137
0.999145
0.999156
0.999176
0.999227
0.999279
0.999330
0.999381
0.999432
0.999483
0.996756
0.992130
0.991504
0.991610
0.991717
0.991823
0.927266
0.768202
0.609138
0.549699
0.517787
0.485875
0.453964
0.422052
0.390140
0.355551
0.302217
0.248884
0.148574
0.001710
-0.145153
-0.292017
-0.438880
-0.585745
-0.732607
-0.755550
-0.755545
-0.763654
-0.800361
-0.837068
-0.873775
-0.910482
-0.947189
-0.983896
-0.999890
-0.999776
-0.999662
-0.999651
-0.999647
-0.999643
-0.999639
-0.999635
-0.999631
-0.999609
-0.999541
-0.999472
-0.999307
-0.999091
-0.998876
-0.998660
-0.998445
-0.998229
-0.998026
1.000013
0.999871
0.999742
0.999613
0.999484
0.999335
0.999185
0.999034
0.998884
0.998734
0.998708
0.998730
0.998753
0.998775
0.998806
0.998841
0.998876
0.998910
0.998945
0.998958
0.998943
0.998928
0.998912
0.998904
0.998906
0.998909
0.998912
0.998915
0.998934
0.999042
0.999149
0.999257
0.999354
0.999343
0.999331
0.999319
0.999308
0.999296
0.999304
0.999315
0.999325
0.999336
0.999379
0.999430
0.999481
0.999532
0.999583
0.996857
0.992230
0.987604
0.987149
0.987255
0.987362
0.922805
0.763741
0.604676
0.445611
0.329490
0.297578
0.265667
0.233755
0.201844
0.167254
0.113921
0.060587
0.007254
-0.051362
-0.198226
-0.345089
-0.491953
-0.638817
-0.785680
-0.808622
-0.808617
-0.808612
-0.808607
-0.837063
-0.873770
-0.910477
-0.947184
-0.983891
-0.999885
-0.999771
-0.999657
-0.999542
-0.999483
-0.999478
-0.999475
-0.999470
-0.999467
-0.999444
-0.999376
-0.999307
-0.999239
-0.999139
-0.998924
-0.998708
-0.998493
-0.998277
-0.998074
1.000013
0.999871
0.999742
0.999613
0.999484
0.999355
0.999215
0.999065
0.998915
0.998764
0.998738
0.998761
0.998784
0.998806
0.998829
0.998854
0.998889
0.998924
0.998958
0.998971
0.998956
0.998941
0.998925
0.998910
0.998895
0.998896
0.998899
0.998902
0.998921
0.999029
0.999136
0.999244
0.999352
0.999459
0.999490
0.999479
0.999467
0.999456
0.999463
0.999474
0.999485
0.999495
0.999506
0.999531
0.999582
0.999633
0.999684
0.996958
0.992331
0.987704
0.983077
0.982794
0.982900
0.918343
0.759279
0.600215
0.441150
0.282085
0.123021
0.077370
0.045459
0.013547
-0.021042
-0.074376
-0.127709
-0.181043
-0.234376
-0.287709
-0.398162
-0.545025
-0.691890
-0.838753
-0.861695
-0.861690
-0.861685
-0.861679
-0.861674
-0.873765
-0.910472
-0.947179
-0.983886
-0.999880
-0.999766
-0.999651
-0.999537
-0.999423
-0.999314
-0.999310
-0.999306
-0.999302
-0.999280
-0.999211
-0.999143
-0.999074
-0.999006
-0.998937
-0.998756
-0.998540
-0.998325
-0.998122
1.000013
0.999871
0.999742
0.999613
0.999484
0.999355
0.999226
0.999096
0.998945
0.998795
0.998769
0.998792
0.998814
0.998837
0.998860
0.998882
0.998905
0.998937
0.998971
0.998984
0.998969
0.998954
0.998938
0.998923
0.998908
0.998893
0.998886
0.998889
0.998908
0.999015
0.999123
0.999231
0.999338
0.999446
0.999554
0.999638
0.999626
0.999615
0.999623
0.999633
0.999644
0.999654
0.999665
0.999675
0.999686
0.999734
0.999785
0.997058
0.992432
0.987805
0.983178
0.978551
0.978439
0.913882
0.754818
0.595753
0.436688
0.277623
0.118559
-0.040505
-0.142838
-0.174750
-0.209339
-0.262673
-0.316006
-0.369339
-0.422673
-0.476006
-0.529339
-0.598098
-0.744962
-0.891825
-0.914767
-0.914762
-0.914757
-0.914752
-0.914747
-0.914742
-0.914737
-0.947173
-0.983881
-0.999875
-0.999761
-0.999646
-0.999532
-0.999418
-0.999303
-0.999189
-0.999141
-0.999137
-0.999115
-0.999047
-0.998978
-0.998909
-0.998841
-0.998772
-0.998704
-0.998588
-0.998373
-0.998170
1.000013
0.999871
0.999742
0.999613
0.999484
0.999355
0.999226
0.999096
0.998967
0.998826
0.998800
0.998822
0.998845
0.998868
0.998890
0.998913
0.998935
0.998958
0.998984
0.998997
0.998982
0.998967
0.998952
0.998936
0.998921
0.998906
0.998890
0.998876
0.998895
0.999002
0.999110
0.999218
0.999325
0.999433
0.999541
0.999648
0.999756
0.999774
0.999782
0.999792
0.999803
0.999813
0.999824
0.999835
0.999845
0.999856
0.999885
0.997159
0.992532
0.987905
0.983279
0.978652
0.974025
0.909420
0.750356
0.591292
0.432227
0.273162
0.114098
-0.044967
-0.204032
-0.363047
-0.397636
-0.450970
-0.504303
-0.557636
-0.610970
-0.664303
-0.717636
-0.770969
-0.824303
-0.944898
-0.967840
-0.967835
-0.967830
-0.967824
-0.967819
-0.967814
-0.967809
-0.967804
-0.983875
-0.999870
-0.999756
-0.999641
-0.999527
-0.999413
-0.999298
-0.999184
-0.999070
-0.998973
-0.998950
-0.998882
-0.998813
-0.998745
-0.998676
-0.998608
-0.998539
-0.998471
-0.998402
-0.998218
0.999895
0.999876
0.999747
0.999618
0.999489
0.999360
0.999230
0.999101
0.998972
0.998843
0.998809
0.998831
0.998854
0.998877
0.998899
0.998922
0.998944
0.998967
0.998990
0.998999
0.998984
0.998969
0.998954
0.998938
0.998923
0.998908
0.998893
0.998877
0.998885
0.999001
0.999109
0.999216
0.999324
0.999432
0.999539
0.999647
0.999755
0.999862
0.990408
0.990418
0.990429
0.990440
0.990450
0.990461
0.990471
0.990482
0.990492
0.923423
0.918796
0.914170
0.909543
0.904916
0.900289
0.863815
0.717234
0.558169
0.399105
0.240039
0.080975
-0.078089
-0.237154
-0.396218
-0.535399
-0.564977
-0.618310
-0.671643
-0.724977
-0.778310
-0.831643
-0.884977
-0.938310
-0.991644
-0.999901
-0.999896
-0.999891
-0.999886
-0.999881
-0.999876
-0.999871
-0.999866
-0.999861
-0.999872
-0.999759
-0.999645
-0.999530
-0.999416
-0.999302
-0.999187
-0.999073
-0.998959
-0.998857
-0.998789
-0.998720
-0.998652
-0.998583
-0.998514
-0.998446
-0.998378
-0.998309
-0.998246
0.999598
0.999671
0.999756
0.999630
0.999501
0.999372
0.999243
0.999114
0.998985
0.998856
0.998817
0.998815
0.998830
0.998852
0.998875
0.998897
0.998920
0.998943
0.998965
0.998974
0.998966
0.998955
0.998939
0.998924
0.998909
0.998893
0.998878
0.998863
0.998870
0.998999
0.999126
0.999233
0.999341
0.999449
0.999556
0.999664
0.999772
0.999879
0.985364
0.968760
0.966424
0.966435
0.966446
0.966456
0.966467
0.966477
0.966488
0.863305
0.731743
0.727116
0.722489
0.717863
0.713236
0.676762
0.593743
0.481061
0.321996
0.162931
0.003867
-0.155198
-0.314262
-0.473327
-0.612507
-0.612505
-0.618306
-0.671640
-0.724973
-0.778306
-0.831639
-0.884973
-0.938306
-0.991640
-0.999863
-0.999733
-0.999707
-0.999702
-0.999696
-0.999691
-0.999686
-0.999681
-0.999676
-0.999688
-0.999713
-0.999662
-0.999547
-0.999433
-0.999319
-0.999204
-0.999090
-0.998976
-0.998874
-0.998805
-0.998737
-0.998668
-0.998599
-0.998531
-0.998462
-0.998394
-0.998325
-0.998263
0.999301
0.999374
0.999459
0.999544
0.999514
0.999384
0.999255
0.999126
0.998997
0.998868
0.998830
0.998827
0.998824
0.998828
0.998851
0.998873
0.998896
0.998918
0.998941
0.998950
0.998942
0.998933
0.998925
0.998910
0.998894
0.998879
0.998864
0.998849
0.998856
0.998985
0.999114
0.999244
0.999358
0.999466
0.999573
0.999681
0.999789
0.999896
0.985381
0.968777
0.952172
0.942430
0.942441
0.942452
0.942462
0.942473
0.942483
0.839300
0.665511
0.540064
0.535437
0.530810
0.526183
0.489709
0.406690
0.323671
0.240652
0.085823
-0.073241
-0.232306
-0.391370
-0.550435
-0.689615
-0.689613
-0.689610
-0.689607
-0.724969
-0.778302
-0.831635
-0.884969
-0.938303
-0.991636
-0.999859
-0.999729
-0.999599
-0.999517
-0.999512
-0.999507
-0.999502
-0.999497
-0.999492
-0.999504
-0.999529
-0.999553
-0.999564
-0.999450
-0.999336
-0.999221
-0.999107
-0.998993
-0.998891
-0.998822
-0.998753
-0.998684
-0.998616
-0.998547
-0.998479
-0.998410
-0.998342
-0.998279
0.999004
0.999077
0.999162
0.999247
0.999332
0.999397
0.999268
0.999139
0.999010
0.998881
0.998842
0.998839
0.998837
0.998834
0.998831
0.998849
0.998872
0.998894
0.998917
0.998926
0.998917
0.998909
0.998901
0.998892
0.998880
0.998865
0.998850
0.998834
0.998842
0.998971
0.999100
0.999229
0.999359
0.999483
0.999590
0.999698
0.999806
0.999913
0.985398
0.968794
0.952189
0.935585
0.918981
0.918447
0.918458
0.918468
0.918479
0.815296
0.641507
0.467717
0.348384
0.343757
0.339130
0.302656
0.219637
0.136618
0.053599
-0.029421
-0.150349
-0.309414
-0.468479
-0.627543
-0.766723
-0.766721
-0.766718
-0.766716
-0.766713
-0.778298
-0.831632
-0.884965
-0.938299
-0.991632
-0.999855
-0.999725
-0.999596
-0.999466
-0.999336
-0.999323
-0.999318
-0.999313
-0.999308
-0.999319
-0.999344
-0.999369
-0.999394
-0.999419
-0.999353
-0.999238
-0.999124
-0.999010
-0.998908
-0.998839
-0.998770
-0.998701
-0.998632
-0.998564
-0.998495
-0.998427
-0.998358
-0.998295
0.998707
0.998780
0.998865
0.998950
0.999035
0.999120
0.999205
0.999151
0.999022
0.998893
0.998855
0.998852
0.998849
0.998846
0.998844
0.998841
0.998847
0.998870
0.998892
0.998902
0.998893
0.998885
0.998876
0.998868
0.998860
0.998850
0.998835
0.998820
0.998827
0.998957
0.999086
0.999215
0.999344
0.999474
0.999603
0.999715
0.999822
0.999930
0.985415
0.968811
0.952206
0.935602
0.918998
0.902393
0.894453
0.894464
0.894474
0.791291
0.617502
0.443713
0.269922
0.156704
0.152077
0.115603
0.032584
-0.050435
-0.133455
-0.216474
-0.299493
-0.386522
-0.545587
-0.704652
-0.843832
-0.843829
-0.843827
-0.843824
-0.843821
-0.843819
-0.843816
-0.884961
-0.938295
-0.991628
-0.999851
-0.999721
-0.999592
-0.999462
-0.999332
-0.999202
-0.999134
-0.999128
-0.999123
-0.999135
-0.999160
-0.999185
-0.999210
-0.999235
-0.999260
-0.999255
-0.999141
-0.999027
-0.998925
-0.998856
-0.998787
-0.998718
-0.998649
-0.998580
-0.998511
-0.998443
-0.998374
-0.998312
0.998410
0.998483
0.998568
0.998653
0.998738
0.998823
0.998908
0.998993
0.999035
0.998906
0.998867
0.998864
0.998862
0.998859
0.998856
0.998853
0.998850
0.998848
0.998868
0.998877
0.998869
0.998860
0.998852
0.998844
0.998835
0.998827
0.998818
0.998806
0.998813
0.998942
0.999071
0.999201
0.999330
0.999459
0.999589
0.999718
0.999840
0.999947
0.985432
0.968828
0.952223
0.935619
0.919015
0.902410
0.885806
0.870459
0.870470
0.767287
0.593498
0.419708
0.245918
0.072128
-0.034975
-0.071449
-0.154468
-0.237488
-0.320507
-0.403527
-0.486546
-0.569565
-0.652585
-0.781760
-0.920940
-0.920937
-0.920935
-0.920932
-0.920929
-0.920927
-0.920924
-0.920922
-0.938291
-0.991624
-0.999847
-0.999718
-0.999588
-0.999458
-0.999328
-0.999198
-0.999068
-0.998944
-0.998939
-0.998951
-0.998976
-0.999001
-0.999026
-0.999050
-0.999075
-0.999100
-0.999125
-0.999044
-0.998942
-0.998873
-0.998804
-0.998735
-0.998666
-0.998597
-0.998528
-0.998460
-0.998391
-0.998328
0.998113
0.998185
0.998270
0.998355
0.998440
0.998526
0.998610
0.998695
0.998780
0.998865
0.998880
0.998877
0.998874
0.998871
0.998868
0.998866
0.998863
0.998860
0.998857
0.998853
0.998845
0.998836
0.998828
0.998819
0.998811
0.998803
0.998794
0.998786
0.998799
0.998928
0.999057
0.999186
0.999316
0.999445
0.999574
0.999704
0.999833
0.999962
0.985449
0.968845
0.952240
0.935636
0.919032
0.902427
0.885823
0.869219
0.852614
0.743282
0.569493
0.395704
0.221913
0.048124
-0.125665
-0.258502
-0.341521
-0.424541
-0.507560
-0.590580
-0.673599
-0.756618
-0.839638
-0.922657
-0.998048
-0.998045
-0.998043
-0.998040
-0.998038
-0.998035
-0.998032
-0.998030
-0.998027
-0.998025
-0.999844
-0.999714
-0.999584
-0.999454
-0.999324
-0.999194
-0.999065
-0.998935
-0.998805
-0.998767
-0.998791
-0.998816
-0.998841
-0.998866
-0.998891
-0.998916
-0.998941
-0.998966
-0.998959
-0.998890
-0.998821
-0.998752
-0.998683
-0.998614
-0.998545
-0.998477
-0.998407
-0.998344
0.998188
0.998217
0.998281
0.998366
0.998452
0.998537
0.998622
0.998707
0.998792
0.998877
0.998973
0.999047
0.999044
0.999041
0.999039
0.999036
0.999033
0.999030
0.999027
0.999028
0.999034
0.999026
0.999018
0.999010
0.999001
0.998993
0.998984
0.998976
0.998968
0.998966
0.999055
0.999184
0.999313
0.999443
0.999572
0.999701
0.999830
0.999960
0.885797
0.802285
0.785681
0.769076
0.752472
0.735867
0.719263
0.702659
0.686054
0.603615
0.447479
0.273690
0.099899
-0.073890
-0.247680
-0.350867
-0.350867
-0.429217
-0.512237
-0.595256
-0.678275
-0.761295
-0.844314
-0.927334
-0.999961
-0.999853
-0.999815
-0.999812
-0.999810
-0.999807
-0.999805
-0.999802
-0.999800
-0.999797
-0.999809
-0.999768
-0.999638
-0.999509
-0.999379
-0.999249
-0.999119
-0.998989
-0.998860
-0.998802
-0.998804
-0.998829
-0.998854
-0.998879
-0.998904
-0.998929
-0.998954
-0.998979
-0.998964
-0.998849
-0.998772
-0.998703
-0.998634
-0.998565
-0.998496
-0.998427
-0.998358
-0.998301
0.998272
0.998301
0.998342
0.998385
0.998470
0.998555
0.998640
0.998725
0.998810
0.998895
0.998992
0.999092
0.999193
0.999215
0.999213
0.999210
0.999207
0.999204
0.999201
0.999202
0.999208
0.999214
0.999214
0.999205
0.999197
0.999188
0.999180
0.999172
0.999164
0.999162
0.999159
0.999182
0.999311
0.999441
0.999570
0.999699
0.999828
0.999958
0.885795
0.755304
0.624813
0.598244
0.581640
0.565035
0.548431
0.531826
0.515222
0.432783
0.305298
0.149162
-0.024629
-0.198418
-0.372208
-0.475395
-0.475394
-0.475394
-0.512234
-0.595254
-0.678273
-0.761293
-0.844312
-0.927331
-0.999959
-0.999851
-0.999743
-0.999652
-0.999649
-0.999647
-0.999644
-0.999642
-0.999639
-0.999636
-0.999648
-0.999663
-0.999677
-0.999565
-0.999435
-0.999305
-0.999175
-0.999045
-0.998916
-0.998859
-0.998858
-0.998857
-0.998872
-0.998897
-0.998922
-0.998947
-0.998972
-0.998996
-0.998982
-0.998867
-0.998752
-0.998652
-0.998583
-0.998514
-0.998445
-0.998376
-0.998307
-0.998250
0.998356
0.998385
0.998426
0.998468
0.998509
0.998574
0.998659
0.998744
0.998829
0.998914
0.999011
0.999111
0.999212
0.999313
0.999387
0.999384
0.999381
0.999378
0.999375
0.999376
0.999382
0.999389
0.999395
0.999401
0.999393
0.999384
0.999376
0.999367
0.999360
0.999357
0.999355
0.999352
0.999350
0.999438
0.999568
0.999697
0.999826
0.999956
0.885793
0.755302
0.624811
0.494319
0.410805
0.394200
0.377596
0.360992
0.344387
0.261948
0.134463
0.006978
-0.149159
-0.322948
-0.496737
-0.599925
-0.599924
-0.599923
-0.599922
-0.599922
-0.678271
-0.761291
-0.844310
-0.927329
-0.999957
-0.999849
-0.999741
-0.999633
-0.999525
-0.999486
-0.999484
-0.999481
-0.999479
-0.999476
-0.999488
-0.999502
-0.999517
-0.999531
-0.999491
-0.999361
-0.999231
-0.999101
-0.998972
-0.998915
-0.998914
-0.998913
-0.998913
-0.998915
-0.998940
-0.998965
-0.998990
-0.999014
-0.999000
-0.998885
-0.998770
-0.998655
-0.998540
-0.998462
-0.998393
-0.998325
-0.998255
-0.998199
0.998440
0.998469
0.998510
0.998552
0.998593
0.998635
0.998678
0.998763
0.998848
0.998933
0.999030
0.999130
0.999231
0.999331
0.999432
0.999533
0.999555
0.999552
0.999550
0.999551
0.999557
0.999563
0.999569
0.999575
0.999581
0.999580
0.999571
0.999563
0.999556
0.999553
0.999550
0.999548
0.999545
0.999543
0.999566
0.999695
0.999824
0.999954
0.885791
0.755300
0.624809
0.494317
0.363826
0.233334
0.206764
0.190159
0.173555
0.091115
-0.036369
-0.163854
-0.291340
-0.447476
-0.621265
-0.724453
-0.724452
-0.724451
-0.724450
-0.724450
-0.724449
-0.761288
-0.844308
-0.927327
-0.999955
-0.999847
-0.999739
-0.999631
-0.999522
-0.999414
-0.999323
-0.999321
-0.999318
-0.999316
-0.999327
-0.999342
-0.999356
-0.999371
-0.999386
-0.999400
-0.999287
-0.999158
-0.999028
-0.998971
-0.998970
-0.998970
-0.998969
-0.998968
-0.998968
-0.998983
-0.999008
-0.999032
-0.999018
-0.998903
-0.998788
-0.998673
-0.998558
-0.998443
-0.998342
-0.998273
-0.998204
-0.998148
0.998524
0.998553
0.998594
0.998636
0.998677
0.998719
0.998761
0.998802
0.998867
0.998952
0.999048
0.999149
0.999250
0.999350
0.999451
0.999552
0.999652
0.999726
0.999724
0.999725
0.999731
0.999737
0.999743
0.999749
0.999755
0.999761
0.999767
0.999759
0.999751
0.999749
0.999746
0.999743
0.999741
0.999738
0.999736
0.999733
0.999822
0.999951
0.885789
0.755297
0.624807
0.494315
0.363824
0.233331
0.102841
0.019327
0.002723
-0.079717
-0.207202
-0.334687
-0.462173
-0.589657
-0.745793
-0.848981
-0.848980
-0.848979
-0.848978
-0.848977
-0.848977
-0.848976
-0.848975
-0.927325
-0.999953
-0.999845
-0.999737
-0.999628
-0.999520
-0.999412
-0.999304
-0.999196
-0.999158
-0.999155
-0.999167
-0.999181
-0.999196
-0.999210
-0.999225
-0.999240
-0.999254
-0.999214
-0.999084
-0.999027
-0.999026
-0.999026
-0.999025
-0.999025
-0.999024
-0.999023
-0.999026
-0.999050
-0.999036
-0.998921
-0.998806
-0.998691
-0.998576
-0.998461
-0.998345
-0.998230
-0.998153
-0.998097
0.998608
0.998637
0.998678
0.998720
0.998761
0.998803
0.998845
0.998886
0.998928
0.998971
0.999067
0.999168
0.999269
0.999369
0.999470
0.999570
0.999671
0.999772
0.999872
0.999899
0.999905
0.999911
0.999917
0.999923
0.999929
0.999935
0.999941
0.999947
0.999947
0.999944
0.999942
0.999939
0.999937
0.999934
0.999932
0.999929
0.999926
0.999949
0.885787
0.755295
0.624804
0.494313
0.363821
0.233329
0.102838
-0.027653
-0.158145
-0.250550
-0.378035
-0.505519
-0.633005
-0.760490
-0.887975
-0.973509
-0.973508
-0.973508
-0.973507
-0.973506
-0.973505
-0.973504
-0.973503
-0.973502
-0.999951
-0.999843
-0.999735
-0.999626
-0.999518
-0.999410
-0.999302
-0.999194
-0.999086
-0.998995
-0.999006
-0.999021
-0.999035
-0.999050
-0.999065
-0.999079
-0.999094
-0.999108
-0.999123
-0.999083
-0.999082
-0.999082
-0.999081
-0.999081
-0.999080
-0.999080
-0.999079
-0.999078
-0.999054
-0.998939
-0.998824
-0.998709
-0.998594
-0.998478
-0.998363
-0.998248
-0.998133
-0.998045
0.998719
0.998730
0.998771
0.998813
0.998855
0.998896
0.998938
0.998979
0.999021
0.999063
0.999076
0.999176
0.999277
0.999377
0.999478
0.999579
0.999679
0.999780
0.999881
0.990641
0.984816
0.984822
0.984828
0.984834
0.984840
0.984846
0.984852
0.984858
0.963686
0.888377
0.888375
0.888372
0.888369
0.888367
0.888364
0.888362
0.888359
0.888357
0.825289
0.694797
0.564306
0.433815
0.303324
0.172831
0.042340
-0.088151
-0.218643
-0.286852
-0.414337
-0.541822
-0.669308
-0.796792
-0.924277
-0.999932
-0.999901
-0.999900
-0.999899
-0.999898
-0.999898
-0.999897
-0.999896
-0.999895
-0.999896
-0.999859
-0.999751
-0.999643
-0.999535
-0.999426
-0.999318
-0.999210
-0.999102
-0.998994
-0.998978
-0.998992
-0.999007
-0.999022
-0.999036
-0.999051
-0.999065
-0.999080
-0.999094
-0.999080
-0.999074
-0.999074
-0.999073
-0.999073
-0.999072
-0.999072
-0.999071
-0.999071
-0.999106
-0.999094
-0.998979
-0.998864
-0.998749
-0.998634
-0.998519
-0.998404
-0.998289
-0.998179
0.998837
0.998841
0.998867
0.998909
0.998950
0.998992
0.999033
0.999075
0.999117
0.999158
0.999170
0.999182
0.999282
0.999383
0.999483
0.999584
0.999685
0.999785
0.999886
0.990646
0.969397
0.965615
0.965621
0.965627
0.965633
0.965639
0.965645
0.965651
0.944478
0.808928
0.746648
0.746645
0.746643
0.746640
0.746637
0.746635
0.746632
0.746630
0.695280
0.617975
0.487484
0.356992
0.226501
0.096009
-0.034482
-0.164974
-0.295465
-0.348477
-0.414337
-0.541821
-0.669307
-0.796792
-0.924277
-0.999932
-0.999833
-0.999811
-0.999811
-0.999810
-0.999809
-0.999808
-0.999807
-0.999806
-0.999807
-0.999821
-0.999772
-0.999664
-0.999556
-0.999448
-0.999340
-0.999231
-0.999123
-0.999015
-0.998997
-0.999000
-0.999014
-0.999029
-0.999043
-0.999058
-0.999072
-0.999087
-0.999101
-0.999087
-0.999051
-0.999049
-0.999048
-0.999048
-0.999047
-0.999047
-0.999046
-0.999046
-0.999081
-0.999206
-0.999172
-0.999057
-0.998942
-0.998827
-0.998712
-0.998596
-0.998481
-0.998372
0.998955
0.998959
0.998976
0.999004
0.999046
0.999088
0.999129
0.999171
0.999212
0.999254
0.999266
0.999267
0.999287
0.999388
0.999489
0.999589
0.999690
0.999791
0.999891
0.990652
0.969402
0.948152
0.946414
0.946420
0.946426
0.946432
0.946438
0.946444
0.925271
0.789721
0.654170
0.604918
0.604916
0.604913
0.604911
0.604908
0.604905
0.604903
0.553553
0.494867
0.410661
0.280169
0.149678
0.019186
-0.111305
-0.241797
-0.372288
-0.425300
-0.425297
-0.541821
-0.669307
-0.796792
-0.924277
-0.999932
-0.999833
-0.999734
-0.999722
-0.999721
-0.999720
-0.999720
-0.999719
-0.999718
-0.999719
-0.999732
-0.999746
-0.999685
-0.999577
-0.999469
-0.999361
-0.999253
-0.999145
-0.999036
-0.999018
-0.999017
-0.999021
-0.999036
-0.999050
-0.999065
-0.999079
-0.999094
-0.999108
-0.999095
-0.999058
-0.999024
-0.999023
-0.999023
-0.999022
-0.999022
-0.999021
-0.999021
-0.999056
-0.999181
-0.999307
-0.999249
-0.999134
-0.999019
-0.998904
-0.998789
-0.998674
-0.998565
0.999074
0.999078
0.999094
0.999111
0.999142
0.999183
0.999225
0.999266
0.999308
0.999350
0.999362
0.999363
0.999363
0.999394
0.999494
0.999595
0.999695
0.999796
0.999897
0.990657
0.969407
0.948158
0.927206
0.927212
0.927218
0.927224
0.927230
0.927236
0.906064
0.770514
0.634963
0.499413
0.463189
0.463186
0.463184
0.463181
0.463179
0.463176
0.411826
0.353140
0.294455
0.203346
0.072855
-0.057637
-0.188128
-0.318620
-0.449111
-0.502122
-0.502119
-0.541821
-0.669307
-0.796792
-0.924277
-0.999931
-0.999833
-0.999734
-0.999635
-0.999633
-0.999632
-0.999631
-0.999630
-0.999629
-0.999630
-0.999644
-0.999657
-0.999671
-0.999599
-0.999490
-0.999382
-0.999274
-0.999166
-0.999058
-0.999040
-0.999039
-0.999037
-0.999043
-0.999057
-0.999072
-0.999086
-0.999101
-0.999116
-0.999102
-0.999066
-0.999029
-0.998998
-0.998998
-0.998997
-0.998997
-0.998996
-0.998996
-0.999031
-0.999156
-0.999282
-0.999408
-0.999327
-0.999212
-0.999097
-0.998982
-0.998867
-0.998757
0.999192
0.999196
0.999212
0.999229
0.999245
0.999279
0.999320
0.999362
0.999404
0.999445
0.999457
0.999458
0.999459
0.999460
0.999500
0.999600
0.999701
0.999801
0.999902
0.990662
0.969413
0.948163
0.926913
0.908005
0.908011
0.908017
0.908023
0.908029
0.886857
0.751306
0.615755
0.480205
0.344655
0.321460
0.321457
0.321454
0.321452
0.321449
0.270099
0.211413
0.152728
0.094042
-0.003968
-0.134460
-0.264951
-0.395443
-0.525934
-0.578945
-0.578942
-0.578939
-0.669307
-0.796792
-0.924277
-0.999931
-0.999833
-0.999734
-0.999635
-0.999544
-0.999543
-0.999542
-0.999541
-0.999540
-0.999541
-0.999555
-0.999568
-0.999582
-0.999595
-0.999512
-0.999404
-0.999295
-0.999187
-0.999079
-0.999061
-0.999060
-0.999059
-0.999058
-0.999064
-0.999079
-0.999094
-0.999108
-0.999123
-0.999109
-0.999073
-0.999037
-0.999000
-0.998973
-0.998972
-0.998972
-0.998971
-0.998971
-0.999006
-0.999131
-0.999257
-0.999383
-0.999509
-0.999405
-0.999289
-0.999174
-0.999059
-0.998950
0.999310
0.999314
0.999331
0.999347
0.999364
0.999380
0.999416
0.999458
0.999499
0.999541
0.999553
0.999554
0.999555
0.999555
0.999556
0.999606
0.999706
0.999807
0.999907
0.990668
0.969418
0.948168
0.926919
0.905669
0.888804
0.888810
0.888816
0.888822
0.867649
0.732099
0.596548
0.460998
0.325448
0.189898
0.179730
0.179728
0.179725
0.179722
0.128373
0.069687
0.011001
-0.047685
-0.106371
-0.211283
-0.341774
-0.472265
-0.602757
-0.655768
-0.655765
-0.655762
-0.669307
-0.796792
-0.924277
-0.999931
-0.999832
-0.999734
-0.999635
-0.999536
-0.999454
-0.999454
-0.999453
-0.999452
-0.999453
-0.999466
-0.999480
-0.999493
-0.999507
-0.999520
-0.999425
-0.999317
-0.999209
-0.999100
-0.999082
-0.999081
-0.999080
-0.999079
-0.999078
-0.999086
-0.999101
-0.999115
-0.999130
-0.999116
-0.999080
-0.999044
-0.999008
-0.998971
-0.998947
-0.998947
-0.998946
-0.998946
-0.998981
-0.999106
-0.999232
-0.999358
-0.999483
-0.999597
-0.999482
-0.999367
-0.999252
-0.999143
0.999429
0.999433
0.999449
0.999466
0.999482
0.999499
0.999515
0.999553
0.999595
0.999636
0.999649
0.999649
0.999650
0.999651
0.999652
0.999652
0.999712
0.999812
0.999913
0.990673
0.969423
0.948174
0.926924
0.905675
0.884425
0.869602
0.869608
0.869614
0.848442
0.712892
0.577341
0.441791
0.306240
0.170690
0.038003
0.038001
0.037998
0.037996
-0.013354
-0.072040
-0.130726
-0.189412
-0.248098
-0.306784
-0.418597
-0.549088
-0.679580
-0.732591
-0.732588
-0.732585
-0.732582
-0.796792
-0.924277
-0.999931
-0.999832
-0.999734
-0.999635
-0.999536
-0.999437
-0.999365
-0.999364
-0.999363
-0.999364
-0.999378
-0.999391
-0.999405
-0.999418
-0.999431
-0.999445
-0.999338
-0.999230
-0.999122
-0.999104
-0.999103
-0.999101
-0.999100
-0.999099
-0.999098
-0.999108
-0.999122
-0.999137
-0.999123
-0.999087
-0.999051
-0.999015
-0.998979
-0.998942
-0.998922
-0.998921
-0.998921
-0.998955
-0.999081
-0.999207
-0.999333
-0.999458
-0.999584
-0.999675
-0.999560
-0.999445
-0.999335
0.999547
0.999551
0.999567
0.999584
0.999600
0.999617
0.999633
0.999650
0.999690
0.999732
0.999744
0.999745
0.999746
0.999747
0.999747
0.999748
0.999749
0.999817
0.999918
0.990678
0.969429
0.948179
0.926930
0.905680
0.884430
0.863181
0.850401
0.850407
0.829235
0.693684
0.558133
0.422583
0.287033
0.151483
0.015933
-0.103727
-0.103729
-0.103732
-0.155082
-0.213768
-0.272453
-0.331139
-0.389825
-0.448511
-0.507197
-0.625912
-0.756403
-0.809414
-0.809411
-0.809408
-0.809406
-0.809403
-0.924277
-0.999931
-0.999832
-0.999734
-0.999635
-0.999536
-0.999437
-0.999338
-0.999275
-0.999275
-0.999276
-0.999289
-0.999302
-0.999316
-0.999329
-0.999343
-0.999356
-0.999359
-0.999251
-0.999143
-0.999125
-0.999124
-0.999123
-0.999122
-0.999120
-0.999119
-0.999118
-0.999129
-0.999144
-0.999130
-0.999094
-0.999058
-0.999022
-0.998986
-0.998950
-0.998914
-0.998896
-0.998895
-0.998930
-0.999056
-0.999182
-0.999308
-0.999433
-0.999559
-0.999685
-0.999752
-0.999637
-0.999528
0.999665
0.999669
0.999686
0.999702
0.999719
0.999735
0.999752
0.999768
0.999786
0.999828
0.999840
0.999841
0.999841
0.999842
0.999843
0.999844
0.999844
0.999845
0.999923
0.990684
0.969434
0.948185
0.926935
0.905685
0.884436
0.863186
0.841936
0.831200
0.810027
0.674477
0.538926
0.403376
0.267826
0.132275
-0.003275
-0.138825
-0.245456
-0.245459
-0.296809
-0.355494
-0.414180
-0.472866
-0.531552
-0.590238
-0.648924
-0.707610
-0.833226
-0.886237
-0.886234
-0.886231
-0.886228
-0.886226
-0.924276
-0.999931
-0.999832
-0.999733
-0.999635
-0.999536
-0.999437
-0.999338
-0.999239
-0.999186
-0.999187
-0.999200
-0.999214
-0.999227
-0.999241
-0.999254
-0.999268
-0.999281
-0.999272
-0.999164
-0.999146
-0.999145
-0.999144
-0.999143
-0.999142
-0.999141
-0.999139
-0.999138
-0.999151
-0.999137
-0.999101
-0.999065
-0.999029
-0.998993
-0.998957
-0.998921
-0.998885
-0.998870
-0.998905
-0.999031
-0.999157
-0.999283
-0.999408
-0.999534
-0.999660
-0.999786
-0.999830
-0.999721
0.999784
0.999788
0.999804
0.999821
0.999837
0.999853
0.999870
0.999887
0.999903
0.999923
0.999936
0.999936
0.999937
0.999938
0.999939
0.999939
0.999940
0.999941
0.999942
0.990689
0.969440
0.948190
0.926940
0.905691
0.884441
0.863191
0.841942
0.820692
0.790820
0.655270
0.519719
0.384169
0.248618
0.113068
-0.022482
-0.158032
-0.293582
-0.387186
-0.438535
-0.497221
-0.555907
-0.614593
-0.673279
-0.731965
-0.790650
-0.849336
-0.910049
-0.963060
-0.963057
-0.963054
-0.963051
-0.963048
-0.963046
-0.999931
-0.999832
-0.999733
-0.999635
-0.999536
-0.999437
-0.999338
-0.999239
-0.999141
-0.999098
-0.999112
-0.999125
-0.999139
-0.999152
-0.999166
-0.999179
-0.999193
-0.999206
-0.999186
-0.999168
-0.999167
-0.999165
-0.999164
-0.999163
-0.999162
-0.999161
-0.999159
-0.999158
-0.999144
-0.999108
-0.999072
-0.999036
-0.999000
-0.998964
-0.998928
-0.998892
-0.998856
-0.998880
-0.999006
-0.999132
-0.999258
-0.999383
-0.999509
-0.999635
-0.999761
-0.999886
-0.999913
0.999849
0.996005
0.996022
0.996038
0.996055
0.996071
0.996088
0.996104
0.996121
0.996137
0.958267
0.958268
0.958268
0.958269
0.958270
0.958271
0.958271
0.958272
0.958273
0.911971
0.888020
0.866770
0.845520
0.824271
0.803021
0.781772
0.760522
0.739272
0.718096
0.618489
0.482938
0.347388
0.211837
0.076287
-0.059263
-0.194813
-0.330363
-0.465915
-0.506660
-0.565346
-0.624031
-0.682717
-0.741403
-0.800089
-0.858775
-0.917461
-0.976147
-0.999935
-0.999932
-0.999929
-0.999926
-0.999923
-0.999920
-0.999927
-0.999836
-0.999737
-0.999638
-0.999539
-0.999441
-0.999342
-0.999243
-0.999144
-0.999057
-0.999064
-0.999078
-0.999091
-0.999104
-0.999118
-0.999131
-0.999145
-0.999158
-0.999172
-0.999164
-0.999163
-0.999162
-0.999161
-0.999160
-0.999158
-0.999157
-0.999156
-0.999155
-0.999207
-0.999171
-0.999135
-0.999098
-0.999062
-0.999026
-0.998990
-0.998954
-0.998918
-0.998892
-0.998994
-0.999120
-0.999246
-0.999371
-0.999497
-0.999623
-0.999749
-0.999874
-1.000012
0.999864
0.991673
0.988630
0.988646
0.988663
0.988679
0.988696
0.988712
0.988729
0.988745
0.930759
0.877944
0.877945
0.877946
0.877946
0.877947
0.877948
0.877949
0.877950
0.831648
0.731238
0.709988
0.688738
0.667489
0.646239
0.624990
0.603740
0.582490
0.561314
0.540531
0.429893
0.294343
0.158792
0.023242
-0.112308
-0.247859
-0.383409
-0.518960
-0.535903
-0.565344
-0.624030
-0.682716
-0.741402
-0.800088
-0.858774
-0.917459
-0.976145
-0.999887
-0.999831
-0.999828
-0.999825
-0.999822
-0.999819
-0.999826
-0.999843
-0.999744
-0.999646
-0.999547
-0.999448
-0.999349
-0.999250
-0.999152
-0.999064
-0.999059
-0.999068
-0.999081
-0.999095
-0.999108
-0.999122
-0.999135
-0.999148
-0.999162
-0.999147
-0.999137
-0.999135
-0.999134
-0.999133
-0.999132
-0.999131
-0.999129
-0.999128
-0.999195
-0.999284
-0.999248
-0.999212
-0.999176
-0.999140
-0.999104
-0.999068
-0.999032
-0.999006
-0.999006
-0.999120
-0.999246
-0.999371
-0.999497
-0.999623
-0.999749
-0.999874
-1.000012
0.999880
0.991688
0.983509
0.981254
0.981271
0.981287
0.981304
0.981320
0.981336
0.981353
0.923367
0.842681
0.797622
0.797622
0.797623
0.797624
0.797625
0.797625
0.797626
0.751324
0.645486
0.553206
0.531956
0.510707
0.489457
0.468208
0.446958
0.425708
0.404532
0.383749
0.362966
0.241297
0.105747
-0.029803
-0.165353
-0.300904
-0.436454
-0.572005
-0.588949
-0.588947
-0.624029
-0.682715
-0.741400
-0.800087
-0.858772
-0.917458
-0.976144
-0.999886
-0.999730
-0.999727
-0.999724
-0.999721
-0.999718
-0.999725
-0.999746
-0.999752
-0.999653
-0.999554
-0.999455
-0.999356
-0.999258
-0.999159
-0.999072
-0.999066
-0.999061
-0.999071
-0.999085
-0.999098
-0.999112
-0.999125
-0.999139
-0.999152
-0.999138
-0.999118
-0.999109
-0.999108
-0.999107
-0.999105
-0.999104
-0.999103
-0.999102
-0.999168
-0.999287
-0.999362
-0.999326
-0.999290
-0.999254
-0.999217
-0.999181
-0.999145
-0.999119
-0.999119
-0.999120
-0.999246
-0.999371
-0.999497
-0.999623
-0.999749
-0.999874
-1.000012
0.999895
0.991703
0.983525
0.975346
0.973878
0.973895
0.973911
0.973928
0.973944
0.973961
0.915974
0.835289
0.754603
0.717299
0.717300
0.717301
0.717301
0.717302
0.717303
0.671001
0.565162
0.459324
0.375175
0.353925
0.332675
0.311426
0.290176
0.268926
0.247750
0.226967
0.206184
0.185401
0.052701
-0.082849
-0.218399
-0.353949
-0.489499
-0.625051
-0.641994
-0.641992
-0.641991
-0.682713
-0.741399
-0.800085
-0.858771
-0.917457
-0.976143
-0.999884
-0.999716
-0.999626
-0.999623
-0.999620
-0.999617
-0.999624
-0.999645
-0.999666
-0.999660
-0.999561
-0.999463
-0.999364
-0.999265
-0.999166
-0.999079
-0.999074
-0.999068
-0.999063
-0.999075
-0.999088
-0.999102
-0.999115
-0.999129
-0.999142
-0.999128
-0.999108
-0.999089
-0.999081
-0.999080
-0.999079
-0.999078
-0.999076
-0.999075
-0.999142
-0.999261
-0.999380
-0.999439
-0.999403
-0.999367
-0.999331
-0.999295
-0.999259
-0.999233
-0.999233
-0.999233
-0.999246
-0.999371
-0.999497
-0.999623
-0.999749
-0.999874
-1.000012
0.999910
0.991718
0.983540
0.975361
0.967183
0.966503
0.966519
0.966536
0.966552
0.966569
0.908582
0.827897
0.747211
0.666526
0.636977
0.636977
0.636978
0.636979
0.636980
0.590678
0.484839
0.379001
0.273162
0.197143
0.175893
0.154644
0.133394
0.112145
0.090968
0.070185
0.049402
0.028619
-0.000344
-0.135894
-0.271444
-0.406995
-0.542545
-0.678096
-0.695039
-0.695038
-0.695036
-0.695034
-0.741398
-0.800084
-0.858770
-0.917455
-0.976141
-0.999883
-0.999714
-0.999546
-0.999522
-0.999519
-0.999516
-0.999523
-0.999544
-0.999565
-0.999586
-0.999569
-0.999470
-0.999371
-0.999272
-0.999174
-0.999086
-0.999081
-0.999075
-0.999070
-0.999065
-0.999079
-0.999092
-0.999105
-0.999119
-0.999132
-0.999118
-0.999098
-0.999079
-0.999059
-0.999054
-0.999052
-0.999051
-0.999050
-0.999049
-0.999115
-0.999234
-0.999353
-0.999472
-0.999517
-0.999481
-0.999445
-0.999409
-0.999373
-0.999347
-0.999347
-0.999347
-0.999347
-0.999371
-0.999497
-0.999623
-0.999749
-0.999874
-1.000012
0.999925
0.991734
0.983555
0.975376
0.967198
0.959110
0.959127
0.959144
0.959160
0.959176
0.901190
0.820504
0.739819
0.659133
0.578448
0.556654
0.556654
0.556655
0.556656
0.510354
0.404515
0.298677
0.192838
0.087000
0.019111
-0.002139
-0.023389
-0.044638
-0.065815
-0.086598
-0.107381
-0.128163
-0.148946
-0.188940
-0.324490
-0.460040
-0.595590
-0.731142
-0.748085
-0.748083
-0.748082
-0.748080
-0.748078
-0.800083
-0.858768
-0.917454
-0.976140
-0.999882
-0.999713
-0.999545
-0.999421
-0.999418
-0.999415
-0.999422
-0.999443
-0.999464
-0.999485
-0.999506
-0.999477
-0.999378
-0.999279
-0.999181
-0.999094
-0.999088
-0.999083
-0.999077
-0.999072
-0.999069
-0.999082
-0.999096
-0.999109
-0.999123
-0.999108
-0.999089
-0.999069
-0.999049
-0.999030
-0.999026
-0.999025
-0.999023
-0.999022
-0.999089
-0.999208
-0.999327
-0.999446
-0.999564
-0.999595
-0.999558
-0.999522
-0.999486
-0.999460
-0.999460
-0.999460
-0.999460
-0.999460
-0.999497
-0.999623
-0.999749
-0.999874
-1.000012
0.999940
0.991749
0.983570
0.975392
0.967213
0.959035
0.951735
0.951751
0.951768
0.951784
0.893798
0.813112
0.732427
0.651741
0.571056
0.490370
0.476331
0.476332
0.476333
0.430031
0.324192
0.218354
0.112515
0.006676
-0.099163
-0.158921
-0.180171
-0.201420
-0.222597
-0.243380
-0.264163
-0.284945
-0.305728
-0.326511
-0.377535
-0.513085
-0.648636
-0.784187
-0.801130
-0.801129
-0.801127
-0.801125
-0.801124
-0.801122
-0.858767
-0.917453
-0.976139
-0.999880
-0.999712
-0.999543
-0.999375
-0.999317
-0.999314
-0.999321
-0.999342
-0.999363
-0.999384
-0.999405
-0.999426
-0.999386
-0.999287
-0.999188
-0.999101
-0.999095
-0.999090
-0.999084
-0.999079
-0.999073
-0.999072
-0.999086
-0.999099
-0.999113
-0.999098
-0.999079
-0.999059
-0.999040
-0.999020
-0.999000
-0.998998
-0.998997
-0.998996
-0.999062
-0.999181
-0.999300
-0.999419
-0.999538
-0.999657
-0.999672
-0.999636
-0.999600
-0.999574
-0.999574
-0.999574
-0.999574
-0.999574
-0.999574
-0.999623
-0.999749
-0.999874
-1.000012
0.999956
0.991764
0.983585
0.975407
0.967228
0.959050
0.950871
0.944359
0.944376
0.944392
0.886406
0.805720
0.725034
0.644349
0.563663
0.482978
0.402293
0.396008
0.396009
0.349707
0.243869
0.138030
0.032192
-0.073647
-0.179486
-0.285324
-0.336953
-0.358202
-0.379379
-0.400162
-0.420944
-0.441727
-0.462510
-0.483293
-0.504076
-0.566131
-0.701681
-0.837232
-0.854176
-0.854174
-0.854172
-0.854171
-0.854169
-0.854168
-0.858765
-0.917451
-0.976137
-0.999879
-0.999710
-0.999542
-0.999374
-0.999215
-0.999213
-0.999219
-0.999241
-0.999262
-0.999283
-0.999304
-0.999325
-0.999346
-0.999294
-0.999195
-0.999108
-0.999103
-0.999097
-0.999092
-0.999086
-0.999081
-0.999075
-0.999076
-0.999089
-0.999103
-0.999088
-0.999069
-0.999049
-0.999030
-0.999010
-0.998990
-0.998972
-0.998971
-0.998969
-0.999036
-0.999155
-0.999274
-0.999393
-0.999511
-0.999630
-0.999749
-0.999750
-0.999714
-0.999688
-0.999688
-0.999688
-0.999688
-0.999688
-0.999688
-0.999688
-0.999749
-0.999874
-1.000012
0.999971
0.991779
0.983601
0.975422
0.967243
0.959065
0.950886
0.942708
0.936984
0.937000
0.879014
0.798328
0.717642
0.636957
0.556271
0.475586
0.394900
0.315685
0.315686
0.269384
0.163545
0.057707
-0.048132
-0.153970
-0.259809
-0.365648
-0.471486
-0.514984
-0.536161
-0.556944
-0.577726
-0.598509
-0.619292
-0.640075
-0.660857
-0.681640
-0.754726
-0.890278
-0.907221
-0.907219
-0.907218
-0.907216
-0.907214
-0.907213
-0.907211
-0.917450
-0.976136
-0.999877
-0.999709
-0.999541
-0.999372
-0.999204
-0.999112
-0.999118
-0.999139
-0.999161
-0.999182
-0.999203
-0.999224
-0.999245
-0.999266
-0.999203
-0.999116
-0.999110
-0.999105
-0.999099
-0.999094
-0.999088
-0.999083
-0.999077
-0.999080
-0.999093
-0.999079
-0.999059
-0.999039
-0.999020
-0.999000
-0.998981
-0.998961
-0.998944
-0.998943
-0.999009
-0.999128
-0.999247
-0.999366
-0.999485
-0.999604
-0.999723
-0.999842
-0.999827
-0.999801
-0.999801
-0.999801
-0.999801
-0.999801
-0.999801
-0.999801
-0.999801
-0.999874
-1.000012
0.999986
0.991794
0.983616
0.975437
0.967259
0.959080
0.950902
0.942723
0.934545
0.929608
0.871621
0.790936
0.710250
0.629565
0.548879
0.468194
0.387508
0.306822
0.235363
0.189061
0.083222
-0.022616
-0.128455
-0.234293
-0.340133
-0.445971
-0.551809
-0.657648
-0.692943
-0.713726
-0.734508
-0.755291
-0.776074
-0.796857
-0.817639
-0.838422
-0.859205
-0.943323
-0.960266
-0.960265
-0.960263
-0.960261
-0.960260
-0.960258
-0.960257
-0.960255
-0.976135
-0.999876
-0.999708
-0.999539
-0.999371
-0.999202
-0.999034
-0.999017
-0.999038
-0.999060
-0.999081
-0.999102
-0.999123
-0.999144
-0.999165
-0.999186
-0.999123
-0.999117
-0.999112
-0.999106
-0.999101
-0.999095
-0.999090
-0.999084
-0.999079
-0.999083
-0.999069
-0.999049
-0.999030
-0.999010
-0.998990
-0.998971
-0.998951
-0.998932
-0.998916
-0.998983
-0.999102
-0.999221
-0.999340
-0.999459
-0.999578
-0.999696
-0.999815
-0.999934
-0.999915
-0.999915
-0.999915
-0.999915
-0.999915
-0.999915
-0.999915
-0.999915
-0.999915
-1.000012
0.980034
0.955977
0.947799
0.939620
0.931442
0.923263
0.915084
0.906906
0.898727
0.890549
0.837340
0.756654
0.675968
0.595283
0.514597
0.433912
0.353227
0.272540
0.191855
0.124193
0.018355
-0.087484
-0.193322
-0.299161
-0.405000
-0.510838
-0.616677
-0.722515
-0.811817
-0.831128
-0.851911
-0.872694
-0.893477
-0.914259
-0.935042
-0.955825
-0.976608
-0.997391
-0.999989
-0.999987
-0.999985
-0.999984
-0.999982
-0.999981
-0.999979
-0.999977
-0.999976
-0.999901
-0.999732
-0.999564
-0.999396
-0.999227
-0.999059
-0.998937
-0.998958
-0.998979
-0.999000
-0.999021
-0.999042
-0.999064
-0.999085
-0.999106
-0.999139
-0.999145
-0.999140
-0.999134
-0.999129
-0.999123
-0.999118
-0.999112
-0.999107
-0.999101
-0.999088
-0.999069
-0.999049
-0.999030
-0.999010
-0.998990
-0.998971
-0.998951
-0.998932
-0.998963
-0.999082
-0.999201
-0.999320
-0.999439
-0.999558
-0.999677
-0.999796
-0.999915
-1.000000
-1.000000
-1.000000
-1.000000
-1.000000
-1.000000
-1.000000
-1.000000
-1.000000
-1.000006
0.900551
0.822480
0.805151
0.796973
0.788794
0.780615
0.772437
0.764258
0.756080
0.747901
0.710031
0.642204
0.561518
0.480833
0.400147
0.319462
0.238777
0.158090
0.077405
0.032018
-0.000430
-0.106268
-0.212107
-0.317946
-0.423785
-0.529623
-0.635462
-0.741300
-0.830602
-0.831123
-0.851906
-0.872688
-0.893471
-0.914254
-0.935037
-0.955819
-0.976602
-0.997385
-0.999987
-0.999987
-0.999986
-0.999984
-0.999983
-0.999981
-0.999979
-0.999978
-0.999976
-0.999976
-0.999835
-0.999666
-0.999498
-0.999330
-0.999161
-0.999015
-0.998939
-0.998960
-0.998981
-0.999003
-0.999024
-0.999045
-0.999066
-0.999087
-0.999120
-0.999234
-0.999230
-0.999224
-0.999219
-0.999213
-0.999208
-0.999202
-0.999197
-0.999191
-0.999190
-0.999176
-0.999157
-0.999137
-0.999117
-0.999098
-0.999078
-0.999059
-0.999039
-0.999031
-0.999082
-0.999201
-0.999320
-0.999439
-0.999558
-0.999677
-0.999796
-0.999915
-1.000000
-1.000000
-1.000000
-1.000000
-1.000000
-1.000000
-1.000000
-1.000000
-1.000000
-1.000006
0.821068
0.742997
0.664937
0.654325
0.646146
0.637968
0.629789
0.621611
0.613432
0.605254
0.567384
0.517894
0.447068
0.366383
0.285697
0.205012
0.124326
0.043640
-0.037045
-0.082433
-0.082433
-0.125053
-0.230892
-0.336730
-0.442569
-0.548408
-0.654246
-0.760085
-0.849387
-0.849381
-0.851900
-0.872683
-0.893466
-0.914248
-0.935031
-0.955814
-0.976597
-0.997380
-0.999982
-0.999987
-0.999986
-0.999985
-0.999983
-0.999981
-0.999980
-0.999978
-0.999977
-0.999977
-0.999937
-0.999769
-0.999600
-0.999432
-0.999264
-0.999118
-0.999005
-0.998942
-0.998963
-0.998984
-0.999005
-0.999026
-0.999047
-0.999068
-0.999101
-0.999216
-0.999319
-0.999314
-0.999308
-0.999303
-0.999297
-0.999292
-0.999286
-0.999281
-0.999280
-0.999280
-0.999264
-0.999245
-0.999225
-0.999205
-0.999186
-0.999166
-0.999147
-0.999138
-0.999138
-0.999201
-0.999320
-0.999439
-0.999558
-0.999677
-0.999796
-0.999915
-1.000000
-1.000000
-1.000000
-1.000000
-1.000000
-1.000000
-1.000000
-1.000000
-1.000000
-1.000006
0.741585
0.663514
0.585454
0.511677
0.503499
0.495320
0.487142
0.478963
0.470785
0.462606
0.424736
0.375246
0.325757
0.251933
0.171247
0.090562
0.009876
-0.070810
-0.151495
-0.196883
-0.196883
-0.196884
-0.249677
-0.355515
-0.461354
-0.567193
-0.673031
-0.778870
-0.868172
-0.868166
-0.868160
-0.872677
-0.893460
-0.914243
-0.935026
-0.955808
-0.976591
-0.997374
-0.999976
-0.999981
-0.999986
-0.999985
-0.999983
-0.999982
-0.999980
-0.999979
-0.999977
-0.999977
-0.999978
-0.999871
-0.999703
-0.999534
-0.999366
-0.999220
-0.999107
-0.998994
-0.998944
-0.998965
-0.998986
-0.999007
-0.999028
-0.999049
-0.999082
-0.999197
-0.999312
-0.999404
-0.999398
-0.999393
-0.999387
-0.999382
-0.999376
-0.999371
-0.999370
-0.999370
-0.999370
-0.999352
-0.999333
-0.999313
-0.999293
-0.999274
-0.999254
-0.999246
-0.999246
-0.999246
-0.999320
-0.999439
-0.999558
-0.999677
-0.999796
-0.999915
-1.000000
-1.000000
-1.000000
-1.000000
-1.000000
-1.000000
-1.000000
-1.000000
-1.000000
-1.000006
0.662101
0.584030
0.505970
0.427910
0.360850
0.352671
0.344493
0.336314
0.328136
0.319957
0.282087
0.232597
0.183108
0.133618
0.056796
-0.023889
-0.104575
-0.185261
-0.265946
-0.311334
-0.311334
-0.311335
-0.311336
-0.374300
-0.480139
-0.585978
-0.691816
-0.797655
-0.886957
-0.886951
-0.886945
-0.886940
-0.893455
-0.914237
-0.935020
-0.955803
-0.976586
-0.997368
-0.999971
-0.999976
-0.999981
-0.999985
-0.999984
-0.999982
-0.999981
-0.999979
-0.999977
-0.999977
-0.999978
-0.999974
-0.999805
-0.999637
-0.999469
-0.999323
-0.999210
-0.999097
-0.998984
-0.998946
-0.998967
-0.998988
-0.999009
-0.999031
-0.999063
-0.999178
-0.999293
-0.999407
-0.999488
-0.999483
-0.999477
-0.999472
-0.999466
-0.999461
-0.999460
-0.999460
-0.999460
-0.999460
-0.999440
-0.999420
-0.999401
-0.999381
-0.999362
-0.999353
-0.999353
-0.999353
-0.999353
-0.999439
-0.999558
-0.999677
-0.999796
-0.999915
-1.000000
-1.000000
-1.000000
-1.000000
-1.000000
-1.000000
-1.000000
-1.000000
-1.000000
-1.000006
0.582618
0.504547
0.426487
0.348427
0.270367
0.210024
0.201845
0.193667
0.185488
0.177309
0.139439
0.089950
0.040460
-0.009029
-0.058519
-0.138339
-0.219025
-0.299711
-0.380396
-0.425784
-0.425784
-0.425785
-0.425786
-0.425787
-0.498924
-0.604763
-0.710601
-0.816439
-0.905742
-0.905736
-0.905730
-0.905724
-0.905719
-0.914232
-0.935014
-0.955797
-0.976580
-0.997363
-0.999965
-0.999970
-0.999975
-0.999980
-0.999984
-0.999983
-0.999981
-0.999979
-0.999978
-0.999978
-0.999979
-0.999980
-0.999908
-0.999739
-0.999571
-0.999425
-0.999312
-0.999199
-0.999086
-0.998973
-0.998948
-0.998970
-0.998991
-0.999012
-0.999045
-0.999159
-0.999274
-0.999389
-0.999503
-0.999572
-0.999567
-0.999561
-0.999556
-0.999550
-0.999550
-0.999550
-0.999550
-0.999550
-0.999548
-0.999528
-0.999508
-0.999489
-0.999469
-0.999461
-0.999461
-0.999461
-0.999461
-0.999461
-0.999558
-0.999677
-0.999796
-0.999915
-1.000000
-1.000000
-1.000000
-1.000000
-1.000000
-1.000000
-1.000000
-1.000000
-1.000000
-1.000006
0.503135
0.425064
0.347004
0.268944
0.190884
0.112824
0.059197
0.051019
0.042840
0.034662
-0.003208
-0.052698
-0.102187
-0.151677
-0.201166
-0.252789
-0.333475
-0.414161
-0.494846
-0.540234
-0.540234
-0.540235
-0.540236
-0.540237
-0.540237
-0.623547
-0.729386
-0.835224
-0.924526
-0.924521
-0.924515
-0.924509
-0.924504
-0.924498
-0.935009
-0.955792
-0.976574
-0.997357
-0.999960
-0.999965
-0.999970
-0.999975
-0.999979
-0.999983
-0.999981
-0.999980
-0.999978
-0.999978
-0.999979
-0.999980
-0.999981
-0.999842
-0.999673
-0.999528
-0.999415
-0.999301
-0.999188
-0.999075
-0.998962
-0.998951
-0.998972
-0.998993
-0.999026
-0.999141
-0.999255
-0.999370
-0.999484
-0.999599
-0.999657
-0.999651
-0.999646
-0.999640
-0.999639
-0.999639
-0.999639
-0.999639
-0.999639
-0.999636
-0.999616
-0.999596
-0.999577
-0.999568
-0.999568
-0.999568
-0.999568
-0.999568
-0.999568
-0.999677
-0.999796
-0.999915
-1.000000
-1.000000
-1.000000
-1.000000
-1.000000
-1.000000
-1.000000
-1.000000
-1.000000
-1.000006
0.423651
0.345580
0.267520
0.189461
0.111400
0.033341
-0.044719
-0.091630
-0.099809
-0.107987
-0.145857
-0.195347
-0.244836
-0.294326
-0.343815
-0.393305
-0.447926
-0.528612
-0.609297
-0.654685
-0.654686
-0.654686
-0.654687
-0.654688
-0.654689
-0.654689
-0.748171
-0.854009
-0.943311
-0.943306
-0.943300
-0.943294
-0.943289
-0.943283
-0.943277
-0.955786
-0.976569
-0.997352
-0.999954
-0.999959
-0.999964
-0.999969
-0.999974
-0.999979
-0.999982
-0.999980
-0.999978
-0.999978
-0.999979
-0.999980
-0.999981
-0.999944
-0.999776
-0.999630
-0.999517
-0.999404
-0.999291
-0.999178
-0.999065
-0.998952
-0.998953
-0.998974
-0.999007
-0.999122
-0.999236
-0.999351
-0.999466
-0.999580
-0.999695
-0.999741
-0.999735
-0.999730
-0.999729
-0.999729
-0.999729
-0.999729
-0.999729
-0.999729
-0.999723
-0.999704
-0.999684
-0.999676
-0.999676
-0.999676
-0.999676
-0.999676
-0.999676
-0.999677
-0.999796
-0.999915
-1.000000
-1.000000
-1.000000
-1.000000
-1.000000
-1.000000
-1.000000
-1.000000
-1.000000
-1.000006
0.344169
0.266098
0.188038
0.109978
0.031918
-0.046142
-0.124201
-0.202261
-0.242455
-0.250633
-0.288503
-0.337993
-0.387483
-0.436972
-0.486462
-0.535951
-0.585441
-0.643061
-0.723746
-0.769134
-0.769135
-0.769135
-0.769136
-0.769137
-0.769137
-0.769138
-0.769139
-0.872794
-0.962096
-0.962090
-0.962085
-0.962079
-0.962073
-0.962068
-0.962062
-0.962056
-0.976563
-0.997346
-0.999949
-0.999954
-0.999958
-0.999963
-0.999968
-0.999973
-0.999978
-0.999981
-0.999979
-0.999979
-0.999980
-0.999981
-0.999982
-0.999983
-0.999878
-0.999732
-0.999619
-0.999506
-0.999393
-0.999280
-0.999167
-0.999054
-0.998941
-0.998955
-0.998988
-0.999103
-0.999218
-0.999332
-0.999447
-0.999561
-0.999676
-0.999791
-0.999825
-0.999820
-0.999819
-0.999819
-0.999819
-0.999819
-0.999819
-0.999819
-0.999819
-0.999811
-0.999792
-0.999783
-0.999783
-0.999783
-0.999783
-0.999783
-0.999783
-0.999783
-0.999796
-0.999915
-1.000000
-1.000000
-1.000000
-1.000000
-1.000000
-1.000000
-1.000000
-1.000000
-1.000000
-1.000006
0.264685
0.186614
0.108554
0.030494
-0.047566
-0.125626
-0.203685
-0.281745
-0.359805
-0.393282
-0.431152
-0.480642
-0.530132
-0.579621
-0.629111
-0.678600
-0.728090
-0.777580
-0.838197
-0.883585
-0.883586
-0.883586
-0.883587
-0.883588
-0.883589
-0.883589
-0.883590
-0.891579
-0.980881
-0.980875
-0.980870
-0.980864
-0.980858
-0.980853
-0.980847
-0.980841
-0.980835
-0.997341
-0.999943
-0.999948
-0.999953
-0.999958
-0.999963
-0.999968
-0.999973
-0.999978
-0.999979
-0.999979
-0.999980
-0.999981
-0.999982
-0.999983
-0.999981
-0.999835
-0.999722
-0.999609
-0.999496
-0.999383
-0.999270
-0.999157
-0.999044
-0.998937
-0.998969
-0.999084
-0.999199
-0.999313
-0.999428
-0.999543
-0.999657
-0.999772
-0.999887
-0.999910
-0.999909
-0.999909
-0.999909
-0.999909
-0.999909
-0.999909
-0.999909
-0.999909
-0.999899
-0.999891
-0.999891
-0.999891
-0.999891
-0.999891
-0.999891
-0.999891
-0.999891
-0.999915
-1.000000
-1.000000
-1.000000
-1.000000
-1.000000
-1.000000
-1.000000
-1.000000
-1.000000
-1.000006
0.185202
0.107131
0.029071
-0.048989
-0.127049
-0.205109
-0.283168
-0.361228
-0.439288
-0.517347
-0.573800
-0.623290
-0.672779
-0.722269
-0.771758
-0.821248
-0.870737
-0.920227
-0.969717
-0.998035
-0.998036
-0.998036
-0.998037
-0.998038
-0.998039
-0.998039
-0.998040
-0.998041
-0.999666
-0.999660
-0.999655
-0.999649
-0.999643
-0.999637
-0.999632
-0.999626
-0.999620
-0.999615
-0.999937
-0.999942
-0.999947
-0.999952
-0.999957
-0.999962
-0.999967
-0.999972
-0.999977
-0.999980
-0.999981
-0.999982
-0.999982
-0.999983
-0.999984
-0.999937
-0.999824
-0.999711
-0.999598
-0.999485
-0.999372
-0.999259
-0.999146
-0.999033
-0.998951
-0.999065
-0.999180
-0.999295
-0.999409
-0.999524
-0.999638
-0.999753
-0.999868
-0.999982
-0.999998
-0.999998
-0.999998
-0.999998
-0.999998
-0.999998
-0.999998
-0.999998
-0.999998
-0.999998
-0.999998
-0.999998
-0.999998
-0.999998
-0.999998
-0.999998
-0.999998
-0.999998
-1.000000
-1.000000
-1.000000
-1.000000
-1.000000
-1.000000
-1.000000
-1.000000
-1.000000
-1.000006
0.070531
0.061807
-0.016253
-0.094312
-0.172373
-0.250432
-0.328492
-0.406552
-0.484612
-0.562671
-0.584626
-0.625712
-0.675202
-0.724691
-0.774181
-0.823670
-0.873160
-0.922650
-0.972139
-0.999978
-0.999979
-0.999980
-0.999981
-0.999982
-0.999982
-0.999983
-0.999984
-0.999985
-0.999986
-0.999985
-0.999980
-0.999974
-0.999968
-0.999963
-0.999957
-0.999951
-0.999946
-0.999940
-0.999939
-0.999944
-0.999949
-0.999954
-0.999959
-0.999964
-0.999969
-0.999974
-0.999979
-0.999981
-0.999982
-0.999983
-0.999984
-0.999985
-0.999986
-0.999986
-0.999928
-0.999815
-0.999702
-0.999589
-0.999476
-0.999363
-0.999250
-0.999137
-0.999038
-0.999065
-0.999180
-0.999294
-0.999409
-0.999524
-0.999638
-0.999753
-0.999867
-0.999982
-1.000000
-1.000000
-1.000000
-1.000000
-1.000000
-1.000000
-1.000000
-1.000000
-1.000000
-1.000000
-1.000000
-1.000000
-1.000000
-1.000000
-1.000000
-1.000000
-1.000000
-1.000000
-1.000000
-1.000000
-1.000000
-1.000000
-1.000000
-1.000000
-1.000000
-1.000000
-1.000000
-1.000012
-0.044750
-0.044776
-0.060986
-0.139046
-0.217106
-0.295166
-0.373225
-0.451285
-0.529345
-0.607404
-0.629359
-0.629358
-0.675201
-0.724690
-0.774180
-0.823669
-0.873159
-0.922649
-0.972138
-0.999977
-0.999979
-0.999979
-0.999980
-0.999981
-0.999982
-0.999982
-0.999983
-0.999984
-0.999985
-0.999987
-0.999986
-0.999980
-0.999974
-0.999969
-0.999963
-0.999957
-0.999952
-0.999946
-0.999945
-0.999946
-0.999951
-0.999955
-0.999960
-0.999965
-0.999970
-0.999975
-0.999980
-0.999982
-0.999983
-0.999984
-0.999985
-0.999986
-0.999987
-0.999987
-0.999988
-0.999918
-0.999805
-0.999692
-0.999579
-0.999466
-0.999353
-0.999240
-0.999141
-0.999141
-0.999180
-0.999294
-0.999409
-0.999524
-0.999638
-0.999753
-0.999867
-0.999982
-1.000000
-1.000000
-1.000000
-1.000000
-1.000000
-1.000000
-1.000000
-1.000000
-1.000000
-1.000000
-1.000000
-1.000000
-1.000000
-1.000000
-1.000000
-1.000000
-1.000000
-1.000000
-1.000000
-1.000000
-1.000000
-1.000000
-1.000000
-1.000000
-1.000000
-1.000000
-1.000000
-1.000012
-0.160031
-0.160057
-0.160067
-0.183779
-0.261839
-0.339899
-0.417959
-0.496018
-0.574078
-0.652138
-0.674093
-0.674091
-0.675200
-0.724689
-0.774179
-0.823668
-0.873158
-0.922648
-0.972137
-0.999976
-0.999977
-0.999979
-0.999979
-0.999980
-0.999981
-0.999982
-0.999983
-0.999983
-0.999984
-0.999986
-0.999988
-0.999986
-0.999981
-0.999975
-0.999969
-0.999963
-0.999958
-0.999952
-0.999951
-0.999951
-0.999952
-0.999957
-0.999962
-0.999967
-0.999972
-0.999977
-0.999982
-0.999984
-0.999984
-0.999985
-0.999986
-0.999987
-0.999988
-0.999989
-0.999989
-0.999989
-0.999909
-0.999796
-0.999683
-0.999570
-0.999457
-0.999344
-0.999245
-0.999245
-0.999245
-0.999294
-0.999409
-0.999524
-0.999638
-0.999753
-0.999867
-0.999982
-1.000000
-1.000000
-1.000000
-1.000000
-1.000000
-1.000000
-1.000000
-1.000000
-1.000000
-1.000000
-1.000000
-1.000000
-1.000000
-1.000000
-1.000000
-1.000000
-1.000000
-1.000000
-1.000000
-1.000000
-1.000000
-1.000000
-1.000000
-1.000000
-1.000000
-1.000000
-1.000000
-1.000012
-0.275313
-0.275338
-0.275349
-0.275359
-0.306573
-0.384632
-0.462692
-0.540752
-0.618812
-0.696871
-0.718826
-0.718824
-0.718823
-0.724688
-0.774178
-0.823667
-0.873157
-0.922647
-0.972136
-0.999975
-0.999977
-0.999978
-0.999979
-0.999980
-0.999980
-0.999981
-0.999982
-0.999983
-0.999984
-0.999985
-0.999987
-0.999989
-0.999987
-0.999981
-0.999975
-0.999970
-0.999964
-0.999958
-0.999957
-0.999957
-0.999957
-0.999959
-0.999964
-0.999969
-0.999974
-0.999979
-0.999984
-0.999986
-0.999986
-0.999986
-0.999987
-0.999988
-0.999989
-0.999990
-0.999990
-0.999990
-0.999991
-0.999900
-0.999787
-0.999674
-0.999561
-0.999448
-0.999349
-0.999349
-0.999349
-0.999349
-0.999409
-0.999524
-0.999638
-0.999753
-0.999867
-0.999982
-1.000000
-1.000000
-1.000000
-1.000000
-1.000000
-1.000000
-1.000000
-1.000000
-1.000000
-1.000000
-1.000000
-1.000000
-1.000000
-1.000000
-1.000000
-1.000000
-1.000000
-1.000000
-1.000000
-1.000000
-1.000000
-1.000000
-1.000000
-1.000000
-1.000000
-1.000000
-1.000000
-1.000012
-0.390594
-0.390620
-0.390630
-0.390640
-0.390650
-0.429366
-0.507425
-0.585485
-0.663545
-0.741604
-0.763559
-0.763558
-0.763556
-0.763554
-0.774176
-0.823666
-0.873155
-0.922645
-0.972135
-0.999974
-0.999975
-0.999977
-0.999978
-0.999979
-0.999980
-0.999980
-0.999981
-0.999982
-0.999983
-0.999985
-0.999987
-0.999988
-0.999990
-0.999987
-0.999981
-0.999976
-0.999970
-0.999964
-0.999964
-0.999964
-0.999964
-0.999964
-0.999965
-0.999970
-0.999975
-0.999980
-0.999985
-0.999987
-0.999988
-0.999988
-0.999988
-0.999989
-0.999990
-0.999991
-0.999991
-0.999992
-0.999992
-0.999992
-0.999890
-0.999777
-0.999664
-0.999551
-0.999452
-0.999452
-0.999452
-0.999452
-0.999452
-0.999524
-0.999638
-0.999753
-0.999867
-0.999982
-1.000000
-1.000000
-1.000000
-1.000000
-1.000000
-1.000000
-1.000000
-1.000000
-1.000000
-1.000000
-1.000000
-1.000000
-1.000000
-1.000000
-1.000000
-1.000000
-1.000000
-1.000000
-1.000000
-1.000000
-1.000000
-1.000000
-1.000000
-1.000000
-1.000000
-1.000000
-1.000000
-1.000012
-0.505875
-0.505901
-0.505911
-0.505921
-0.505931
-0.505941
-0.552159
-0.630218
-0.708278
-0.786338
-0.808293
-0.808291
-0.808289
-0.808288
-0.808286
-0.823665
-0.873154
-0.922644
-0.972134
-0.999973
-0.999974
-0.999975
-0.999977
-0.999978
-0.999979
-0.999980
-0.999981
-0.999981
-0.999982
-0.999984
-0.999986
-0.999988
-0.999990
-0.999991
-0.999988
-0.999982
-0.999976
-0.999970
-0.999970
-0.999970
-0.999970
-0.999970
-0.999970
-0.999972
-0.999977
-0.999982
-0.999987
-0.999989
-0.999989
-0.999989
-0.999990
-0.999990
-0.999991
-0.999992
-0.999992
-0.999993
-0.999993
-0.999993
-0.999994
-0.999881
-0.999768
-0.999655
-0.999556
-0.999556
-0.999556
-0.999556
-0.999556
-0.999556
-0.999638
-0.999753
-0.999867
-0.999982
-1.000000
-1.000000
-1.000000
-1.000000
-1.000000
-1.000000
-1.000000
-1.000000
-1.000000
-1.000000
-1.000000
-1.000000
-1.000000
-1.000000
-1.000000
-1.000000
-1.000000
-1.000000
-1.000000
-1.000000
-1.000000
-1.000000
-1.000000
-1.000000
-1.000000
-1.000000
-1.000000
-1.000012
-0.621156
-0.621182
-0.621192
-0.621202
-0.621212
-0.621223
-0.621233
-0.674952
-0.753012
-0.831071
-0.853026
-0.853024
-0.853023
-0.853021
-0.853019
-0.853018
-0.873153
-0.922643
-0.972133
-0.999972
-0.999973
-0.999974
-0.999976
-0.999977
-0.999978
-0.999979
-0.999980
-0.999981
-0.999982
-0.999983
-0.999985
-0.999987
-0.999989
-0.999991
-0.999993
-0.999988
-0.999982
-0.999977
-0.999976
-0.999976
-0.999976
-0.999976
-0.999976
-0.999976
-0.999979
-0.999984
-0.999989
-0.999991
-0.999991
-0.999991
-0.999991
-0.999992
-0.999993
-0.999993
-0.999994
-0.999994
-0.999994
-0.999995
-0.999995
-0.999985
-0.999871
-0.999758
-0.999660
-0.999660
-0.999660
-0.999660
-0.999660
-0.999660
-0.999660
-0.999753
-0.999867
-0.999982
-1.000000
-1.000000
-1.000000
-1.000000
-1.000000
-1.000000
-1.000000
-1.000000
-1.000000
-1.000000
-1.000000
-1.000000
-1.000000
-1.000000
-1.000000
-1.000000
-1.000000
-1.000000
-1.000000
-1.000000
-1.000000
-1.000000
-1.000000
-1.000000
-1.000000
-1.000000
-1.000000
-1.000012
-0.736440
-0.736466
-0.736476
-0.736486
-0.736496
-0.736506
-0.736516
-0.736526
-0.797746
-0.875805
-0.897760
-0.897759
-0.897757
-0.897755
-0.897754
-0.897752
-0.897750
-0.922642
-0.972132
-0.999971
-0.999972
-0.999973
-0.999974
-0.999976
-0.999977
-0.999978
-0.999979
-0.999980
-0.999981
-0.999983
-0.999985
-0.999986
-0.999988
-0.999990
-0.999992
-0.999994
-0.999988
-0.999983
-0.999982
-0.999982
-0.999982
-0.999982
-0.999982
-0.999982
-0.999982
-0.999985
-0.999990
-0.999992
-0.999992
-0.999993
-0.999993
-0.999993
-0.999994
-0.999994
-0.999995
-0.999995
-0.999995
-0.999996
-0.999996
-0.999996
-0.999975
-0.999862
-0.999763
-0.999763
-0.999763
-0.999763
-0.999763
-0.999763
-0.999763
-0.999763
-0.999867
-0.999982
-1.000000
-1.000000
-1.000000
-1.000000
-1.000000
-1.000000
-1.000000
-1.000000
-1.000000
-1.000000
-1.000000
-1.000000
-1.000000
-1.000000
-1.000000
-1.000000
-1.000000
-1.000000
-1.000000
-1.000000
-1.000000
-1.000000
-1.000000
-1.000000
-1.000000
-1.000000
-1.000000
-1.000012
-0.851721
-0.851747
-0.851757
-0.851767
-0.851777
-0.851787
-0.851797
-0.851808
-0.851818
-0.920539
-0.942494
-0.942492
-0.942490
-0.942489
-0.942487
-0.942485
-0.942483
-0.942482
-0.972131
-0.999970
-0.999971
-0.999972
-0.999973
-0.999975
-0.999976
-0.999977
-0.999978
-0.999979
-0.999980
-0.999982
-0.999984
-0.999986
-0.999987
-0.999989
-0.999991
-0.999993
-0.999995
-0.999989
-0.999988
-0.999988
-0.999988
-0.999988
-0.999988
-0.999988
-0.999988
-0.999988
-0.999992
-0.999994
-0.999994
-0.999994
-0.999995
-0.999995
-0.999995
-0.999996
-0.999996
-0.999996
-0.999997
-0.999997
-0.999997
-0.999998
-0.999998
-0.999966
-0.999867
-0.999867
-0.999867
-0.999867
-0.999867
-0.999867
-0.999867
-0.999867
-0.999867
-0.999982
-1.000000
-1.000000
-1.000000
-1.000000
-1.000000
-1.000000
-1.000000
-1.000000
-1.000000
-1.000000
-1.000000
-1.000000
-1.000000
-1.000000
-1.000000
-1.000000
-1.000000
-1.000000
-1.000000
-1.000000
-1.000000
-1.000000
-1.000000
-1.000000
-1.000000
-1.000000
-1.000000
-1.000012
-0.967002
-0.967028
-0.967038
-0.967048
-0.967058
-0.967068
-0.967079
-0.967089
-0.967099
-0.967109
-0.987227
-0.987225
-0.987224
-0.987222
-0.987220
-0.987218
-0.987217
-0.987215
-0.987213
-0.999969
-0.999970
-0.999971
-0.999972
-0.999974
-0.999975
-0.999976
-0.999977
-0.999978
-0.999979
-0.999981
-0.999983
-0.999985
-0.999987
-0.999989
-0.999991
-0.999992
-0.999994
-0.999995
-0.999994
-0.999994
-0.999994
-0.999994
-0.999994
-0.999994
-0.999994
-0.999994
-0.999994
-0.999996
-0.999996
-0.999996
-0.999996
-0.999996
-0.999996
-0.999997
-0.999997
-0.999997
-0.999998
-0.999998
-0.999998
-0.999999
-0.999999
-0.999999
-0.999970
-0.999970
-0.999970
-0.999970
-0.999970
-0.999970
-0.999970
-0.999970
-0.999970
-0.999982
-1.000000
-1.000000
-1.000000
-1.000000
-1.000000
-1.000000
-1.000000
-1.000000
-1.000000
-1.000000
-1.000000
-1.000000
-1.000000
-1.000000
-1.000000
-1.000000
-1.000000
-1.000000
-1.000000
-1.000000
-1.000000
-1.000000
-1.000000
-1.000000
-1.000000
-1.000000
-1.000000
-1.000012
-0.999315
-0.999511
-0.999589
-0.999599
-0.999610
-0.999620
-0.999630
-0.999640
-0.999650
-0.999660
-0.999641
-0.999619
-0.999617
-0.999616
-0.999614
-0.999612
-0.999611
-0.999609
-0.999607
-0.999720
-0.999972
-0.999973
-0.999974
-0.999975
-0.999977
-0.999978
-0.999979
-0.999980
-0.999981
-0.999982
-0.999983
-0.999985
-0.999987
-0.999989
-0.999990
-0.999992
-0.999994
-0.999996
-0.999995
-0.999995
-0.999995
-0.999995
-0.999995
-0.999995
-0.999995
-0.999995
-0.999995
-0.980675
-0.969469
-0.969469
-0.969470
-0.969470
-0.969470
-0.978283
-0.999976
-0.999998
-0.999998
-0.999998
-0.999999
-0.999999
-0.999999
-1.000000
-1.000000
-1.000000
-1.000000
-1.000000
-1.000000
-1.000000
-1.000000
-1.000000
-1.000000
-1.000000
-1.000000
-1.000000
-1.000000
-1.000000
-1.000000
-1.000000
-1.000000
-1.000000
-1.000000
-1.000000
-1.000000
-1.000000
-1.000000
-1.000000
-1.000000
-1.000000
-1.000000
-1.000000
-1.000000
-1.000000
-1.000000
-1.000000
-1.000000
-1.000000
-1.000000
-1.000000
-1.000000
-1.000006
-0.998537
-0.998733
-0.998910
-0.999088
-0.999161
-0.999171
-0.999181
-0.999191
-0.999201
-0.999211
-0.999192
-0.999161
-0.999130
-0.999109
-0.999108
-0.999106
-0.999104
-0.999103
-0.999101
-0.999213
-0.999473
-0.999733
-0.999977
-0.999978
-0.999979
-0.999981
-0.999982
-0.999983
-0.999984
-0.999985
-0.999985
-0.999985
-0.999987
-0.999989
-0.999991
-0.999992
-0.999994
-0.999996
-0.999996
-0.999995
-0.999994
-0.999993
-0.999993
-0.999993
-0.999993
-0.999993
-0.999993
-0.980674
-0.948135
-0.926767
-0.926767
-0.926767
-0.926767
-0.935580
-0.957273
-0.978967
-0.999998
-0.999998
-0.999999
-0.999999
-0.999999
-1.000000
-1.000000
-1.000000
-1.000000
-1.000000
-1.000000
-1.000000
-1.000000
-1.000000
-1.000000
-1.000000
-1.000000
-1.000000
-1.000000
-1.000000
-1.000000
-1.000000
-1.000000
-1.000000
-1.000000
-1.000000
-1.000000
-1.000000
-1.000000
-1.000000
-1.000000
-1.000000
-1.000000
-1.000000
-1.000000
-1.000000
-1.000000
-1.000000
-1.000000
-1.000000
-1.000000
-1.000000
-1.000000
-1.000006
-0.997758
-0.997955
-0.998132
-0.998309
-0.998487
-0.998664
-0.998732
-0.998742
-0.998752
-0.998762
-0.998743
-0.998712
-0.998681
-0.998650
-0.998620
-0.998600
-0.998598
-0.998596
-0.998595
-0.998707
-0.998967
-0.999227
-0.999487
-0.999747
-0.999983
-0.999984
-0.999985
-0.999986
-0.999987
-0.999988
-0.999988
-0.999988
-0.999989
-0.999989
-0.999991
-0.999993
-0.999995
-0.999996
-0.999996
-0.999995
-0.999994
-0.999993
-0.999992
-0.999991
-0.999991
-0.999991
-0.999991
-0.980672
-0.948134
-0.915596
-0.884064
-0.884064
-0.884064
-0.892877
-0.914571
-0.936264
-0.957958
-0.979651
-0.999999
-0.999999
-0.999999
-1.000000
-1.000000
-1.000000
-1.000000
-1.000000
-1.000000
-1.000000
-1.000000
-1.000000
-1.000000
-1.000000
-1.000000
-1.000000
-1.000000
-1.000000
-1.000000
-1.000000
-1.000000
-1.000000
-1.000000
-1.000000
-1.000000
-1.000000
-1.000000
-1.000000
-1.000000
-1.000000
-1.000000
-1.000000
-1.000000
-1.000000
-1.000000
-1.000000
-1.000000
-1.000000
-1.000000
-1.000000
-1.000000
-1.000006
-0.996980
-0.997177
-0.997354
-0.997531
-0.997709
-0.997886
-0.998063
-0.998241
-0.998303
-0.998313
-0.998294
-0.998263
-0.998232
-0.998201
-0.998171
-0.998140
-0.998109
-0.998090
-0.998088
-0.998201
-0.998461
-0.998721
-0.998981
-0.999241
-0.999500
-0.999760
-0.999988
-0.999989
-0.999990
-0.999991
-0.999991
-0.999991
-0.999992
-0.999992
-0.999993
-0.999993
-0.999995
-0.999997
-0.999996
-0.999995
-0.999994
-0.999993
-0.999992
-0.999991
-0.999990
-0.999990
-0.999990
-0.980670
-0.948132
-0.915594
-0.883056
-0.850518
-0.841361
-0.850174
-0.871868
-0.893561
-0.915255
-0.936948
-0.958642
-0.980335
-0.999999
-1.000000
-1.000000
-1.000000
-1.000000
-1.000000
-1.000000
-1.000000
-1.000000
-1.000000
-1.000000
-1.000000
-1.000000
-1.000000
-1.000000
-1.000000
-1.000000
-1.000000
-1.000000
-1.000000
-1.000000
-1.000000
-1.000000
-1.000000
-1.000000
-1.000000
-1.000000
-1.000000
-1.000000
-1.000000
-1.000000
-1.000000
-1.000000
-1.000000
-1.000000
-1.000000
-1.000000
-1.000000
-1.000000
-1.000006
-0.996202
-0.996398
-0.996576
-0.996753
-0.996930
-0.997108
-0.997285
-0.997462
-0.997640
-0.997817
-0.997845
-0.997814
-0.997783
-0.997752
-0.997722
-0.997691
-0.997660
-0.997629
-0.997598
-0.997695
-0.997955
-0.998214
-0.998474
-0.998734
-0.998994
-0.999254
-0.999514
-0.999774
-0.999993
-0.999994
-0.999994
-0.999994
-0.999995
-0.999995
-0.999996
-0.999996
-0.999997
-0.999997
-0.999996
-0.999995
-0.999994
-0.999993
-0.999992
-0.999991
-0.999990
-0.999989
-0.999988
-0.980669
-0.948130
-0.915592
-0.883054
-0.850516
-0.817978
-0.807472
-0.829165
-0.850858
-0.872552
-0.894245
-0.915939
-0.937632
-0.959326
-0.981019
-1.000000
-1.000000
-1.000000
-1.000000
-1.000000
-1.000000
-1.000000
-1.000000
-1.000000
-1.000000
-1.000000
-1.000000
-1.000000
-1.000000
-1.000000
-1.000000
-1.000000
-1.000000
-1.000000
-1.000000
-1.000000
-1.000000
-1.000000
-1.000000
-1.000000
-1.000000
-1.000000
-1.000000
-1.000000
-1.000000
-1.000000
-1.000000
-1.000000
-1.000000
-1.000000
-1.000000
-1.000000
-1.000006
